time 	 LH 	 RH
7691	 7691	 7691 
000.012	50.0000	50.0000	
000.018	48.6221	51.3779	
000.071	47.2591	52.7409	
000.142	45.9624	54.0376	
000.222	44.7374	55.2626	
000.268	43.7275	56.2725	
000.329	42.8277	57.1723	
000.387	42.1351	57.8649	
000.452	41.4967	58.5033	
000.516	40.9591	59.0409	
000.577	40.3717	59.6283	
000.639	39.4486	60.5514	
000.704	38.3506	61.6494	
000.768	37.1433	62.8567	
000.828	36.0574	63.9426	
000.887	35.1212	64.8788	
000.951	34.4877	65.5123	
001.015	34.3941	65.6059	
001.069	34.8340	65.1660	
001.133	34.9995	65.0005	
001.197	35.2078	64.7922	
001.261	35.6648	64.3352	
001.321	36.4604	63.5396	
001.381	37.3567	62.6432	
001.445	38.2011	61.7989	
001.516	39.2893	60.7107	
001.577	40.3095	59.6905	
001.639	41.3593	58.6407	
001.705	42.5458	57.4542	
001.767	43.9461	56.0539	
001.828	45.4368	54.5632	
001.888	47.0250	52.9750	
001.952	48.3194	51.6806	
002.016	49.3073	50.6927	
002.076	50.1728	49.8272	
002.141	51.3096	48.6904	
002.204	52.6787	47.3213	
002.293	53.9984	46.0016	
002.325	55.1595	44.8405	
002.388	56.1719	43.8281	
002.451	57.0300	42.9700	
002.516	57.6397	42.3603	
002.576	58.3962	41.6038	
002.639	59.0983	40.9017	
002.703	59.5719	40.4281	
002.768	59.8590	40.1410	
002.828	60.0773	39.9227	
002.888	60.2386	39.7614	
002.951	60.2954	39.7046	
003.015	60.0765	39.9235	
003.075	59.7287	40.2713	
003.139	59.4331	40.5669	
003.206	59.0538	40.9462	
003.270	58.9717	41.0283	
003.329	58.8677	41.1323	
003.388	58.8215	41.1785	
003.452	58.7070	41.2930	
003.509	58.7087	41.2913	
003.569	58.7830	41.2170	
003.639	58.9059	41.0941	
003.703	59.3306	40.6694	
003.761	59.8596	40.1404	
003.828	60.2339	39.7661	
003.888	60.8658	39.1342	
003.951	61.3578	38.6422	
004.016	61.8917	38.1083	
004.076	62.4220	37.5779	
004.140	62.7879	37.2121	
004.203	62.8886	37.1114	
004.268	62.6862	37.3138	
004.328	62.4823	37.5177	
004.387	61.9336	38.0664	
004.451	61.6211	38.3789	
004.516	61.4043	38.5957	
004.576	61.4127	38.5873	
004.640	61.5291	38.4709	
004.704	61.6063	38.3937	
004.767	61.8263	38.1737	
004.828	62.1346	37.8654	
004.889	62.5448	37.4552	
004.951	63.1521	36.8479	
005.017	63.9016	36.0984	
005.076	64.5014	35.4986	
005.139	64.9037	35.0963	
005.203	65.4156	34.5844	
005.267	65.7176	34.2824	
005.327	66.0975	33.9025	
005.388	66.5059	33.4941	
005.452	66.8237	33.1763	
005.517	66.8999	33.1001	
005.576	66.7735	33.2265	
005.640	66.2811	33.7189	
005.704	65.4755	34.5245	
005.768	64.7956	35.2044	
005.828	64.1629	35.8371	
005.888	63.5103	36.4897	
005.952	63.1330	36.8670	
006.016	62.7221	37.2779	
006.076	62.5596	37.4404	
006.140	62.5845	37.4155	
006.206	62.4890	37.5110	
006.268	62.1751	37.8249	
006.328	61.7473	38.2527	
006.388	61.3108	38.6892	
006.452	60.8783	39.1217	
006.515	60.3959	39.6041	
006.576	59.7767	40.2233	
006.640	58.9477	41.0523	
006.705	58.3252	41.6748	
006.768	57.8749	42.1251	
006.828	57.4299	42.5701	
006.889	56.9479	43.0521	
006.952	56.3236	43.6765	
007.015	55.5332	44.4668	
7692	 7692	 7692 
7701	 7701	 7701 
000.002	50.0000	50.0000	
000.030	50.0000	50.0000	
000.035	50.4671	49.5329	
000.085	51.0818	48.9182	
000.148	51.5540	48.4461	
000.212	51.6390	48.3610	
000.282	51.6816	48.3184	
000.330	51.3917	48.6083	
000.394	51.0505	48.9495	
000.458	50.4096	49.5904	
000.522	49.6779	50.3221	
000.582	48.8761	51.1239	
000.642	47.7816	52.2184	
000.706	46.6011	53.3989	
000.774	45.4629	54.5371	
000.830	44.3540	55.6460	
000.894	43.2190	56.7810	
000.958	42.1043	57.8957	
001.022	40.9355	59.0645	
001.082	39.6845	60.3155	
001.146	38.5519	61.4481	
001.212	37.5178	62.4822	
001.282	36.4451	63.5549	
001.336	35.5041	64.4959	
001.401	34.5280	65.4720	
001.465	33.5706	66.4294	
001.529	32.6764	67.3236	
001.589	31.7250	68.2750	
001.648	30.8497	69.1503	
001.712	30.0051	69.9949	
001.780	29.3251	70.6749	
001.837	28.5939	71.4061	
001.900	27.6900	72.3100	
001.964	26.7078	73.2922	
002.028	25.6986	74.3014	
002.088	24.7255	75.2745	
002.148	23.7414	76.2586	
002.212	22.7961	77.2039	
002.281	21.9174	78.0826	
002.337	21.0568	78.9432	
002.401	20.2459	79.7541	
002.465	19.4396	80.5604	
7703	 7703	 7703 
7691	 7691	 7691 
000.001	50.0000	50.0000	
000.017	50.0000	50.0000	
000.020	51.3881	48.6119	
000.087	52.9003	47.0997	
000.147	54.2642	45.7358	
000.207	55.3563	44.6437	
000.274	56.3956	43.6044	
000.340	57.5220	42.4780	
000.395	58.7985	41.2015	
000.459	60.0047	39.9953	
000.523	61.0943	38.9057	
000.589	62.0978	37.9022	
000.648	63.0823	36.9177	
000.707	63.8907	36.1093	
000.775	64.6477	35.3523	
000.840	65.2928	34.7072	
000.896	65.3598	34.6402	
000.960	65.2553	34.7447	
001.024	64.8550	35.1450	
001.087	64.4921	35.5079	
001.148	64.3126	35.6874	
001.207	64.4613	35.5387	
001.275	64.5444	35.4556	
001.339	64.6326	35.3674	
001.394	64.6094	35.3906	
001.459	64.5938	35.4062	
001.523	64.5694	35.4306	
001.587	64.6709	35.3291	
001.647	64.9643	35.0357	
001.708	65.3901	34.6099	
001.775	66.0301	33.9699	
001.840	66.6832	33.3168	
001.895	67.2583	32.7417	
001.959	67.8686	32.1314	
002.023	68.6631	31.3369	
002.087	69.2125	30.7875	
002.147	69.5636	30.4364	
002.207	69.7679	30.2321	
002.276	70.0200	29.9800	
002.339	70.1166	29.8834	
002.396	70.1951	29.8049	
002.461	70.2560	29.7440	
002.524	70.4243	29.5757	
002.587	70.5659	29.4341	
002.648	70.3958	29.6042	
002.708	69.8863	30.1137	
002.769	69.1182	30.8818	
002.839	68.1660	31.8340	
002.895	67.1098	32.8902	
002.960	65.9870	34.0130	
003.024	64.4361	35.5639	
003.088	63.3038	36.6962	
003.149	62.3848	37.6152	
003.209	61.5561	38.4439	
003.276	60.7807	39.2193	
003.339	60.3526	39.6474	
003.397	60.0033	39.9967	
003.460	59.6748	40.3252	
003.523	59.3404	40.6596	
003.587	59.0725	40.9275	
003.648	58.7285	41.2715	
003.707	58.7043	41.2957	
003.776	58.7509	41.2491	
003.840	58.7483	41.2517	
003.895	58.6197	41.3803	
003.960	58.5657	41.4343	
004.024	58.8043	41.1957	
004.081	59.1608	40.8392	
004.141	59.6146	40.3854	
004.207	60.2382	39.7618	
004.276	60.9445	39.0555	
004.339	61.7761	38.2239	
004.396	62.7888	37.2112	
004.459	63.8116	36.1884	
004.523	64.8529	35.1471	
004.588	65.7703	34.2297	
004.648	66.7260	33.2740	
004.708	67.4565	32.5435	
004.775	67.8357	32.1643	
004.839	68.1982	31.8018	
004.895	68.6333	31.3667	
004.959	69.0110	30.9890	
005.023	69.3510	30.6490	
005.087	69.6658	30.3342	
005.147	69.7549	30.2451	
005.209	69.8596	30.1404	
005.276	69.9238	30.0762	
005.339	69.8429	30.1571	
005.388	69.6829	30.3171	
005.452	69.2748	30.7252	
005.516	68.7812	31.2188	
005.586	68.1789	31.8211	
005.648	67.5713	32.4287	
005.707	67.0941	32.9059	
005.768	66.7158	33.2842	
005.832	66.4155	33.5845	
005.894	65.8358	34.1642	
005.960	65.2059	34.7941	
006.023	64.6904	35.3096	
006.088	64.5356	35.4644	
006.147	64.4842	35.5158	
006.207	64.2477	35.7523	
006.275	64.0096	35.9904	
006.339	63.7859	36.2141	
006.396	63.6308	36.3692	
006.460	63.5697	36.4303	
006.524	63.5558	36.4442	
006.588	63.6468	36.3532	
006.648	63.9538	36.0462	
006.707	64.1904	35.8096	
006.775	64.4843	35.5157	
006.838	64.5556	35.4444	
006.895	64.7482	35.2518	
006.959	65.0075	34.9925	
007.023	65.0190	34.9810	
7692	 7692	 7692 
7701	 7701	 7701 
000.000	50.0000	50.0000	
000.049	50.0000	50.0000	
000.052	50.0000	50.0000	
000.120	48.3632	51.6368	
000.175	47.0587	52.9413	
000.240	46.1061	53.8939	
000.304	45.2084	54.7916	
000.368	44.5251	55.4749	
000.428	44.1942	55.8059	
000.493	43.9407	56.0593	
000.556	43.8522	56.1478	
000.619	43.4715	56.5285	
000.675	42.8823	57.1177	
000.740	42.1145	57.8855	
000.805	41.2417	58.7583	
000.868	40.3979	59.6021	
000.928	39.6354	60.3646	
000.992	38.9692	61.0308	
001.055	38.6977	61.3023	
001.119	38.4378	61.5622	
001.169	37.8665	62.1335	
001.233	37.0236	62.9764	
001.297	35.9954	64.0046	
001.361	34.8211	65.1789	
001.421	33.5276	66.4724	
001.485	32.2244	67.7756	
001.549	30.8645	69.1355	
001.613	29.5842	70.4158	
001.669	28.4516	71.5484	
001.732	27.3805	72.6195	
001.797	26.4179	73.5821	
001.865	25.5228	74.4772	
001.921	24.6520	75.3480	
001.985	23.8371	76.1629	
002.049	23.0057	76.9943	
002.113	22.2497	77.7503	
002.169	21.5320	78.4680	
002.233	20.8872	79.1128	
002.297	20.3354	79.6646	
002.361	19.9519	80.0481	
7703	 7703	 7703 
7701	 7701	 7701 
000.001	50.0000	50.0000	
000.025	50.0000	50.0000	
000.030	49.4092	50.5908	
000.082	49.1664	50.8336	
000.146	49.6244	50.3756	
000.210	50.2353	49.7647	
000.275	50.9318	49.0682	
000.334	51.6853	48.3147	
000.394	52.2130	47.7870	
000.459	52.8652	47.1348	
000.524	53.5647	46.4353	
000.582	53.8690	46.1310	
000.645	54.1222	45.8778	
000.709	54.1298	45.8702	
000.774	53.6636	46.3364	
000.834	53.3070	46.6930	
000.893	53.0525	46.9475	
000.958	52.9869	47.0131	
001.022	52.7753	47.2247	
001.082	52.1176	47.8824	
001.146	50.7736	49.2264	
001.203	49.1873	50.8127	
001.267	47.5927	52.4073	
001.327	45.9302	54.0698	
001.387	44.3777	55.6223	
001.451	42.8180	57.1820	
001.515	41.3648	58.6352	
001.575	39.9701	60.0299	
001.639	38.6164	61.3836	
001.703	37.3721	62.6279	
001.767	36.3059	63.6941	
001.827	35.2674	64.7326	
001.887	34.1514	65.8486	
001.951	33.1702	66.8298	
002.015	32.5954	67.4046	
002.075	32.6837	67.3163	
002.139	32.7065	67.2935	
002.207	32.7131	67.2869	
002.274	32.8033	67.1967	
002.334	32.8789	67.1211	
002.395	33.1119	66.8881	
002.457	33.4571	66.5429	
002.523	33.6393	66.3607	
002.584	33.8571	66.1429	
002.649	34.1509	65.8491	
002.709	34.4031	65.5969	
002.774	34.7971	65.2029	
002.834	35.2914	64.7086	
002.894	36.0866	63.9134	
002.958	36.7957	63.2043	
003.023	37.1232	62.8768	
003.083	37.2283	62.7717	
003.148	37.1207	62.8793	
003.211	37.3785	62.6215	
003.276	37.8503	62.1497	
003.334	38.1939	61.8061	
003.394	38.3625	61.6375	
003.459	38.3099	61.6901	
003.523	37.9985	62.0015	
003.583	37.3502	62.6498	
003.647	36.6301	63.3699	
003.712	35.9333	64.0667	
003.776	35.1795	64.8205	
003.834	34.5162	65.4838	
003.894	33.8445	66.1555	
003.961	32.9631	67.0369	
004.024	32.1820	67.8180	
004.083	31.2870	68.7130	
004.147	30.4778	69.5222	
004.212	29.7051	70.2949	
004.275	28.8201	71.1799	
004.335	27.9549	72.0451	
004.395	27.0628	72.9372	
004.451	26.3017	73.6983	
004.522	25.5628	74.4372	
004.576	24.8818	75.1182	
004.639	24.1664	75.8336	
004.703	23.5266	76.4734	
004.767	22.8170	77.1830	
004.828	22.0661	77.9339	
004.887	21.3433	78.6567	
004.951	20.7758	79.2242	
005.015	20.2493	79.7507	
005.075	19.7623	80.2377	
7703	 7703	 7703 
7691	 7691	 7691 
000.002	50.0000	50.0000	
000.037	50.0000	50.0000	
000.043	49.3713	50.6287	
000.102	48.9343	51.0657	
000.163	48.7087	51.2914	
000.226	48.8339	51.1661	
000.290	49.3944	50.6056	
000.351	49.9097	50.0903	
000.407	50.7445	49.2555	
000.471	51.8382	48.1618	
000.535	53.0577	46.9423	
000.595	54.3292	45.6708	
000.655	55.5726	44.4274	
000.719	56.9054	43.0946	
000.783	58.3082	41.6917	
000.843	59.5555	40.4445	
000.907	60.6122	39.3878	
000.971	61.4658	38.5342	
001.035	62.2773	37.7227	
001.095	62.9495	37.0505	
001.155	63.4961	36.5039	
001.219	64.0645	35.9355	
001.283	64.3894	35.6106	
001.343	64.8599	35.1401	
001.407	65.3126	34.6874	
001.471	65.8847	34.1153	
001.535	66.3168	33.6832	
001.595	66.6173	33.3827	
001.655	66.9335	33.0665	
001.719	67.0517	32.9483	
001.783	67.0888	32.9112	
001.843	67.2988	32.7012	
001.907	67.8653	32.1347	
001.971	68.4700	31.5300	
002.035	68.8889	31.1111	
002.095	69.2241	30.7759	
002.155	69.6598	30.3402	
002.219	69.9526	30.0474	
002.283	70.1466	29.8534	
002.343	70.1500	29.8500	
002.407	69.9054	30.0946	
002.471	69.4648	30.5352	
002.535	68.7238	31.2762	
002.595	67.6552	32.3448	
002.655	66.3966	33.6034	
002.719	65.1499	34.8501	
002.787	63.6858	36.3142	
002.843	62.5520	37.4480	
002.907	61.7639	38.2361	
002.971	61.1887	38.8113	
003.035	60.8277	39.1723	
003.095	60.7232	39.2768	
003.155	60.5483	39.4517	
003.219	60.4064	39.5936	
003.287	60.4470	39.5530	
003.344	60.6197	39.3803	
003.407	60.7815	39.2185	
003.471	61.0436	38.9564	
003.535	61.2691	38.7309	
003.595	61.6262	38.3738	
003.655	62.1172	37.8828	
003.719	62.5533	37.4467	
003.787	63.1266	36.8734	
003.843	63.7183	36.2817	
003.913	64.3834	35.6166	
003.978	65.2466	34.7534	
004.042	66.1183	33.8817	
004.102	66.8347	33.1654	
004.162	67.4796	32.5204	
004.226	67.9467	32.0533	
004.294	68.3300	31.6700	
004.350	68.4897	31.5103	
004.414	68.7991	31.2009	
004.478	69.1336	30.8664	
004.542	69.6137	30.3863	
004.602	70.2004	29.7996	
004.662	70.7906	29.2094	
004.725	71.3220	28.6780	
004.795	71.9694	28.0306	
004.849	72.4768	27.5232	
004.914	72.4804	27.5196	
004.971	72.2144	27.7856	
005.040	72.0402	27.9598	
005.102	71.7841	28.2159	
005.162	71.5742	28.4258	
005.226	71.6272	28.3728	
005.293	71.5583	28.4417	
005.350	71.3110	28.6890	
005.414	70.8304	29.1696	
005.479	70.5069	29.4931	
005.542	70.3896	29.6105	
005.602	70.4256	29.5744	
005.661	70.5566	29.4434	
005.726	70.6585	29.3415	
005.794	70.5557	29.4443	
005.851	70.5610	29.4390	
005.915	70.5638	29.4362	
005.979	70.3732	29.6268	
006.043	70.2366	29.7634	
006.102	70.2880	29.7120	
006.163	70.4301	29.5699	
006.225	70.7170	29.2830	
006.294	71.0394	28.9606	
006.350	71.4822	28.5178	
006.414	72.0658	27.9342	
006.479	72.7440	27.2560	
006.542	73.4028	26.5972	
006.596	74.0821	25.9179	
006.658	74.8433	25.1567	
006.726	75.6125	24.3875	
006.794	76.4302	23.5698	
006.850	77.1979	22.8021	
006.914	77.9035	22.0965	
006.979	78.6509	21.3491	
007.043	79.3600	20.6400	
7692	 7692	 7692 
7691	 7691	 7691 
000.000	50.0000	50.0000	
000.024	50.0000	50.0000	
000.026	50.7976	49.2024	
000.093	51.4263	48.5737	
000.159	52.1798	47.8202	
000.219	53.1108	46.8892	
000.284	53.9164	46.0836	
000.344	54.6868	45.3132	
000.408	55.2386	44.7614	
000.476	55.3786	44.6214	
000.532	55.3410	44.6590	
000.597	55.1546	44.8454	
000.661	54.7654	45.2346	
000.725	54.3071	45.6929	
000.785	53.9255	46.0745	
000.846	53.5443	46.4557	
000.909	52.9690	47.0310	
000.977	52.5328	47.4672	
001.033	52.1741	47.8259	
001.097	51.9634	48.0366	
001.154	51.9692	48.0308	
001.225	52.2846	47.7154	
001.284	52.2394	47.7606	
001.344	52.1496	47.8505	
001.413	51.9739	48.0261	
001.477	52.1170	47.8830	
001.532	52.2349	47.7651	
001.597	52.2109	47.7891	
001.653	52.2148	47.7852	
001.724	52.2412	47.7588	
001.786	52.2240	47.7760	
001.843	52.4207	47.5793	
001.912	52.7860	47.2140	
001.976	53.2749	46.7251	
002.032	53.7516	46.2484	
002.096	54.1961	45.8039	
002.160	54.5175	45.4825	
002.225	54.5616	45.4384	
002.285	55.1504	44.8496	
002.344	55.9802	44.0198	
002.413	56.9314	43.0686	
002.476	57.5740	42.4260	
002.533	58.1571	41.8429	
002.597	58.8966	41.1034	
002.660	59.6769	40.3231	
002.725	60.2512	39.7488	
002.784	60.9201	39.0799	
002.844	61.4326	38.5674	
002.912	61.8216	38.1784	
002.975	61.8099	38.1901	
003.031	61.7050	38.2950	
003.096	61.5724	38.4276	
003.159	61.6738	38.3262	
003.224	61.8651	38.1349	
003.284	61.8544	38.1456	
003.344	61.8424	38.1576	
003.412	61.8968	38.1032	
003.476	62.3013	37.6987	
003.532	62.9262	37.0738	
003.597	63.8157	36.1843	
003.660	64.9236	35.0764	
003.725	66.1127	33.8873	
003.785	67.2769	32.7231	
003.844	68.4921	31.5079	
003.912	69.7304	30.2696	
003.976	70.9324	29.0676	
004.032	72.0525	27.9475	
004.095	73.1134	26.8866	
004.160	74.0036	25.9963	
004.224	74.7518	25.2482	
004.285	75.4049	24.5951	
004.344	76.0037	23.9963	
004.412	76.4720	23.5280	
004.477	76.9825	23.0175	
004.532	77.3321	22.6679	
004.597	77.4943	22.5057	
004.661	77.4734	22.5266	
004.725	77.1112	22.8888	
004.785	76.6820	23.3180	
004.844	75.9981	24.0019	
004.912	74.9234	25.0766	
004.976	74.3569	25.6431	
005.032	73.9470	26.0530	
005.096	73.6633	26.3367	
005.160	73.3907	26.6093	
005.225	73.1971	26.8029	
005.284	73.1274	26.8726	
005.344	73.2774	26.7226	
005.412	73.3943	26.6057	
005.477	73.6601	26.3399	
005.533	73.7890	26.2110	
005.597	73.9782	26.0218	
005.660	74.2271	25.7729	
005.725	74.5294	25.4706	
005.784	75.0302	24.9698	
005.844	75.6321	24.3679	
005.913	76.2346	23.7654	
005.976	76.7448	23.2552	
006.032	77.2105	22.7895	
006.096	77.6256	22.3744	
006.160	77.9484	22.0516	
006.224	78.0169	21.9831	
006.283	78.0381	21.9619	
006.343	77.8430	22.1570	
006.412	77.4737	22.5263	
006.469	76.9343	23.0657	
006.525	76.5746	23.4254	
006.589	76.1434	23.8566	
006.653	76.0526	23.9474	
006.717	76.1838	23.8162	
006.777	76.1503	23.8497	
006.843	75.9988	24.0012	
006.913	75.7468	24.2532	
006.977	75.1154	24.8846	
007.032	74.5727	25.4273	
7692	 7692	 7692 
7691	 7691	 7691 
000.001	50.0000	50.0000	
000.056	50.0000	50.0000	
000.062	50.8880	49.1120	
000.115	51.6355	48.3645	
000.179	52.1868	47.8132	
000.242	52.5867	47.4133	
000.306	52.8291	47.1709	
000.366	52.9289	47.0711	
000.432	52.8942	47.1058	
000.495	53.0619	46.9381	
000.551	53.3606	46.6394	
000.614	53.8567	46.1433	
000.680	54.5250	45.4750	
000.744	55.3977	44.6023	
000.807	56.5028	43.4972	
000.867	57.6032	42.3968	
000.930	58.6357	41.3643	
000.994	59.6758	40.3242	
001.059	60.6872	39.3128	
001.115	61.7975	38.2025	
001.178	62.9571	37.0429	
001.242	64.1664	35.8336	
001.308	65.3121	34.6879	
001.366	66.3920	33.6080	
001.431	67.5971	32.4029	
001.495	68.7067	31.2933	
001.558	69.7395	30.2605	
001.615	70.6157	29.3843	
001.678	71.4949	28.5051	
001.742	72.2747	27.7253	
001.806	72.9080	27.0920	
001.866	73.4162	26.5838	
001.931	73.6592	26.3408	
001.993	73.9299	26.0701	
002.057	74.3448	25.6552	
002.116	74.8402	25.1598	
002.179	75.3143	24.6857	
002.242	75.7923	24.2077	
002.307	76.3612	23.6388	
002.368	76.8654	23.1346	
002.431	77.3508	22.6492	
002.495	77.7688	22.2312	
002.558	78.1059	21.8941	
002.614	78.4498	21.5502	
002.678	78.8780	21.1220	
002.742	79.3360	20.6640	
002.807	79.8106	20.1894	
002.867	80.1610	19.8390	
7693	 7693	 7693 
7701	 7701	 7701 
000.002	50.0000	50.0000	
000.031	50.0000	50.0000	
000.037	51.1610	48.8390	
000.098	52.2698	47.7302	
000.162	53.3159	46.6841	
000.226	54.3012	45.6988	
000.283	55.4025	44.5975	
000.348	56.4504	43.5496	
000.412	57.3889	42.6111	
000.476	58.1495	41.8505	
000.536	58.2861	41.7139	
000.592	58.1080	41.8920	
000.662	58.1861	41.8139	
000.726	57.8420	42.1580	
000.783	57.3306	42.6694	
000.847	56.1702	43.8298	
000.910	54.7915	45.2085	
000.975	53.2797	46.7203	
001.034	51.5860	48.4140	
001.101	49.6643	50.3357	
001.163	47.6444	52.3556	
001.227	45.7066	54.2934	
001.282	43.9314	56.0686	
001.339	42.3496	57.6504	
001.403	40.7548	59.2452	
001.467	39.1098	60.8902	
001.528	37.6288	62.3712	
001.591	36.1521	63.8479	
001.662	34.7610	65.2390	
001.726	33.4302	66.5698	
001.782	32.2029	67.7971	
001.846	31.0439	68.9561	
001.911	29.9154	70.0846	
001.975	28.8717	71.1282	
002.036	27.8315	72.1685	
002.099	26.8195	73.1805	
002.162	25.8930	74.1070	
002.226	25.0408	74.9592	
002.282	24.1738	75.8262	
002.346	23.3564	76.6436	
002.411	22.6519	77.3481	
002.474	22.1533	77.8467	
002.536	21.8931	78.1069	
002.599	21.7695	78.2305	
002.664	21.7275	78.2725	
002.727	21.5910	78.4090	
002.782	21.3292	78.6708	
002.847	20.9870	79.0130	
002.911	20.6850	79.3150	
002.975	20.3602	79.6398	
003.035	20.0853	79.9147	
003.099	19.6423	80.3577	
7703	 7703	 7703 
7701	 7701	 7701 
000.001	50.0000	50.0000	
000.034	50.0000	50.0000	
000.037	51.6692	48.3308	
000.103	53.2636	46.7364	
000.166	54.6747	45.3253	
000.230	56.1305	43.8695	
000.294	57.4956	42.5044	
000.357	58.6301	41.3699	
000.418	59.8291	40.1709	
000.477	60.8196	39.1804	
000.542	61.4930	38.5070	
000.605	61.9929	38.0071	
000.666	62.2562	37.7438	
000.730	62.4947	37.5053	
000.794	62.4903	37.5097	
000.858	62.2313	37.7687	
000.919	61.8610	38.1390	
000.978	61.3768	38.6232	
001.035	60.3737	39.6264	
001.099	59.2838	40.7162	
001.159	58.1237	41.8763	
001.230	57.0798	42.9202	
001.294	56.0870	43.9130	
001.358	54.8120	45.1880	
001.418	53.0881	46.9119	
001.478	51.4478	48.5522	
001.543	49.8035	50.1965	
001.601	48.2488	51.7512	
001.666	46.8638	53.1362	
001.731	45.6347	54.3653	
001.794	44.3280	55.6720	
001.858	43.1481	56.8519	
001.918	42.2987	57.7013	
001.971	41.4547	58.5452	
002.035	40.8022	59.1978	
002.099	40.1421	59.8579	
002.159	39.4487	60.5513	
002.223	38.7720	61.2280	
002.287	37.9580	62.0420	
002.351	37.1745	62.8255	
002.411	36.5881	63.4119	
002.471	35.9408	64.0592	
002.542	35.6912	64.3088	
002.607	35.4483	64.5517	
002.668	35.5046	64.4954	
002.731	35.7916	64.2084	
002.795	36.3474	63.6526	
002.859	37.1044	62.8956	
002.917	38.0091	61.9909	
002.978	39.6529	60.3471	
003.042	41.2584	58.7416	
003.107	42.8122	57.1878	
003.166	44.2950	55.7050	
003.230	45.9422	54.0578	
003.294	47.3732	52.6268	
003.359	48.7093	51.2907	
003.418	49.7782	50.2218	
003.478	50.5520	49.4480	
003.543	51.1189	48.8811	
003.605	51.2889	48.7111	
003.667	50.8109	49.1891	
003.731	49.5835	50.4165	
003.795	48.0934	51.9066	
003.858	46.4157	53.5843	
003.918	44.7450	55.2550	
003.978	42.9674	57.0326	
004.041	41.2736	58.7264	
004.106	39.5905	60.4095	
004.166	38.0360	61.9640	
004.230	36.6232	63.3768	
004.294	35.5154	64.4846	
004.358	34.5075	65.4925	
004.418	33.5518	66.4482	
004.478	32.8092	67.1908	
004.541	31.9960	68.0040	
004.607	31.1822	68.8178	
004.666	30.4935	69.5065	
004.729	29.9950	70.0050	
004.794	29.5267	70.4733	
004.858	29.1110	70.8890	
004.918	28.7455	71.2545	
004.978	28.2529	71.7471	
005.043	27.6213	72.3787	
005.106	26.9040	73.0960	
005.166	25.9361	74.0639	
005.231	24.8972	75.1028	
005.294	23.8166	76.1834	
005.359	22.8012	77.1988	
005.418	21.8743	78.1257	
005.479	21.0288	78.9712	
005.544	20.2926	79.7074	
005.606	19.5454	80.4546	
7703	 7703	 7703 
7701	 7701	 7701 
000.001	50.0000	50.0000	
000.036	50.0000	50.0000	
000.038	51.0669	48.9331	
000.101	51.9832	48.0168	
000.175	52.7000	47.3000	
000.231	53.0529	46.9471	
000.297	53.2595	46.7405	
000.358	53.4059	46.5941	
000.425	53.4484	46.5516	
000.484	53.4826	46.5174	
000.544	53.1049	46.8951	
000.608	52.7180	47.2820	
000.676	52.3674	47.6326	
000.732	52.2757	47.7243	
000.797	52.4110	47.5890	
000.861	52.5075	47.4925	
000.925	52.9379	47.0621	
000.984	53.1712	46.8288	
001.044	53.4798	46.5202	
001.107	54.0493	45.9507	
001.175	54.8840	45.1160	
001.231	55.5925	44.4075	
001.296	56.2792	43.7208	
001.360	57.2051	42.7949	
001.424	58.3168	41.6832	
001.485	59.4783	40.5217	
001.544	60.8069	39.1931	
001.607	61.8057	38.1943	
001.676	62.6968	37.3032	
001.732	63.5436	36.4564	
001.796	64.1857	35.8143	
001.859	64.8283	35.1717	
001.924	65.3538	34.6462	
001.983	65.6224	34.3776	
002.044	65.4503	34.5497	
002.107	64.8072	35.1928	
002.176	63.6829	36.3171	
002.232	62.4466	37.5534	
002.296	60.8688	39.1312	
002.360	59.1560	40.8440	
002.425	57.1446	42.8554	
002.485	54.9836	45.0164	
002.545	52.8554	47.1446	
002.609	50.8647	49.1353	
002.676	49.0410	50.9590	
002.732	47.2826	52.7174	
002.796	45.7443	54.2557	
002.860	44.3026	55.6974	
002.924	42.9998	57.0002	
002.985	41.8210	58.1790	
003.045	40.7313	59.2687	
003.108	39.8155	60.1845	
003.177	39.2397	60.7603	
003.232	38.7628	61.2372	
003.297	38.4848	61.5152	
003.360	38.1707	61.8293	
003.424	38.1123	61.8877	
003.484	38.3142	61.6858	
003.544	38.4775	61.5225	
003.608	38.5738	61.4262	
003.676	38.6242	61.3758	
003.735	38.6754	61.3247	
003.796	38.4457	61.5543	
003.861	38.1856	61.8144	
003.924	37.5786	62.4214	
003.984	36.8038	63.1962	
004.044	35.9634	64.0366	
004.108	34.9403	65.0597	
004.177	33.9524	66.0476	
004.234	33.0424	66.9576	
004.297	32.0109	67.9891	
004.360	31.1752	68.8248	
004.424	30.4285	69.5715	
004.483	29.8018	70.1982	
004.544	29.0689	70.9311	
004.607	28.5478	71.4522	
004.675	28.0721	71.9279	
004.731	27.5439	72.4561	
004.796	27.1428	72.8572	
004.860	26.5911	73.4089	
004.924	26.0379	73.9621	
004.984	25.4285	74.5715	
005.044	24.8808	75.1192	
005.106	24.3897	75.6103	
005.176	23.9561	76.0439	
005.233	23.4542	76.5458	
005.296	23.0127	76.9873	
005.360	22.6498	77.3502	
005.425	22.3777	77.6223	
005.484	22.1070	77.8930	
005.544	21.7790	78.2210	
005.608	21.3093	78.6907	
005.676	20.7808	79.2192	
005.735	20.1994	79.8006	
005.796	19.6101	80.3899	
7703	 7703	 7703 
7691	 7691	 7691 
000.002	50.0000	50.0000	
000.018	50.0000	50.0000	
000.020	50.7645	49.2355	
000.093	51.0483	48.9517	
000.156	51.1368	48.8632	
000.213	51.3174	48.6826	
000.278	52.0998	47.9002	
000.341	53.0597	46.9403	
000.406	54.1003	45.8997	
000.465	55.3084	44.6916	
000.526	56.3613	43.6387	
000.594	57.3841	42.6159	
000.651	58.2771	41.7229	
000.714	59.0016	40.9984	
000.777	59.5896	40.4104	
000.841	60.2235	39.7765	
000.906	60.6365	39.3635	
000.965	61.1875	38.8125	
001.024	61.9245	38.0755	
001.093	62.7397	37.2603	
001.157	63.5237	36.4763	
001.213	64.1921	35.8079	
001.278	64.5925	35.4075	
001.342	64.7965	35.2035	
001.405	64.9734	35.0266	
001.464	65.0080	34.9920	
001.526	64.9498	35.0502	
001.593	64.8754	35.1246	
001.657	64.7968	35.2032	
001.713	64.9225	35.0775	
001.777	65.2083	34.7917	
001.842	65.3613	34.6387	
001.906	65.7248	34.2752	
001.967	66.0716	33.9284	
002.025	66.6008	33.3992	
002.093	66.9806	33.0194	
002.156	67.2371	32.7629	
002.216	67.7151	32.2849	
002.278	68.2258	31.7742	
002.342	68.8719	31.1281	
002.406	69.4670	30.5330	
002.465	70.1901	29.8099	
002.526	70.9227	29.0773	
002.593	71.7198	28.2802	
002.657	72.5133	27.4867	
002.706	72.9474	27.0526	
002.770	73.2548	26.7452	
002.834	73.5784	26.4216	
002.898	73.8234	26.1766	
002.958	74.1296	25.8704	
003.018	74.2474	25.7526	
003.086	74.4512	25.5488	
003.150	74.7552	25.2448	
003.206	74.6399	25.3601	
003.270	74.4802	25.5198	
003.334	74.2673	25.7327	
003.398	74.2558	25.7442	
003.458	74.3156	25.6844	
003.518	74.6365	25.3635	
003.586	74.9355	25.0645	
003.650	75.2136	24.7864	
003.706	75.7122	24.2878	
003.770	76.4008	23.5992	
003.834	77.1592	22.8408	
003.898	77.9627	22.0373	
003.958	78.7284	21.2716	
004.018	79.2976	20.7024	
004.086	79.6850	20.3150	
004.150	79.8917	20.1083	
004.206	80.2084	19.7916	
7693	 7693	 7693 
7701	 7701	 7701 
000.001	50.0000	50.0000	
000.056	50.0000	50.0000	
000.060	49.7949	50.2051	
000.117	49.7861	50.2139	
000.183	50.1677	49.8323	
000.246	50.7486	49.2514	
000.311	51.6547	48.3453	
000.370	52.8450	47.1550	
000.435	53.9623	46.0377	
000.499	55.2063	44.7937	
000.563	56.2071	43.7929	
000.618	56.9482	43.0518	
000.683	57.6416	42.3584	
000.747	58.3201	41.6799	
000.811	58.8760	41.1240	
000.871	59.2943	40.7057	
000.935	59.6875	40.3125	
001.000	60.1372	39.8628	
001.064	60.6547	39.3453	
001.119	60.8506	39.1494	
001.184	60.4968	39.5032	
001.243	59.6731	40.3269	
001.305	58.5046	41.4954	
001.364	57.2485	42.7515	
001.428	56.2537	43.7463	
001.499	55.5541	44.4459	
001.557	55.2982	44.7018	
001.618	55.5237	44.4763	
001.682	55.9996	44.0004	
001.748	56.4820	43.5180	
001.812	56.9604	43.0396	
001.871	57.5245	42.4755	
001.935	58.1473	41.8527	
001.999	58.9707	41.0293	
002.063	59.5553	40.4447	
002.119	60.2189	39.7811	
002.176	60.8779	39.1221	
002.240	61.5760	38.4240	
002.304	62.0946	37.9054	
002.364	62.3612	37.6388	
002.428	62.6317	37.3683	
002.492	62.6268	37.3732	
002.563	62.1267	37.8733	
002.619	61.2213	38.7787	
002.683	59.9581	40.0419	
002.747	58.1621	41.8379	
002.811	56.1558	43.8442	
002.864	54.0995	45.9005	
002.929	51.9603	48.0397	
002.999	49.7041	50.2959	
003.064	47.5164	52.4836	
003.119	45.3943	54.6057	
003.184	43.3306	56.6694	
003.247	41.3941	58.6059	
003.311	39.6001	60.3999	
003.371	37.9298	62.0702	
003.435	36.3092	63.6908	
003.499	34.8213	65.1787	
003.563	33.4765	66.5235	
003.613	32.1832	67.8168	
003.683	30.9603	69.0397	
003.747	29.8825	70.1175	
003.812	28.8592	71.1408	
003.871	27.8706	72.1294	
003.935	26.8346	73.1654	
003.999	25.8434	74.1566	
004.063	24.8884	75.1116	
004.119	23.9636	76.0364	
004.182	23.0848	76.9152	
004.247	22.2719	77.7281	
004.311	21.4607	78.5393	
004.371	20.6597	79.3403	
004.435	19.9350	80.0650	
7703	 7703	 7703 
7701	 7701	 7701 
000.001	50.0000	50.0000	
000.025	50.0000	50.0000	
000.027	47.9663	52.0337	
000.090	46.0286	53.9714	
000.154	44.3172	55.6828	
000.214	43.1058	56.8942	
000.274	42.3045	57.6955	
000.338	41.5701	58.4299	
000.402	40.9318	59.0682	
000.462	40.3666	59.6334	
000.533	39.6240	60.3760	
000.597	38.8810	61.1190	
000.662	38.1640	61.8360	
000.721	37.3317	62.6683	
000.782	36.7872	63.2128	
000.846	36.3606	63.6394	
000.909	35.9758	64.0242	
000.969	35.4171	64.5829	
001.035	35.0302	64.9698	
001.097	34.9890	65.0110	
001.161	34.9911	65.0089	
001.221	34.9304	65.0696	
001.281	34.6917	65.3083	
001.345	34.4488	65.5512	
001.403	34.1588	65.8412	
001.462	33.7116	66.2884	
001.532	33.3794	66.6206	
001.597	33.1317	66.8683	
001.661	33.1128	66.8872	
001.721	33.5002	66.4998	
001.780	34.0568	65.9432	
001.845	34.9471	65.0529	
001.909	35.6363	64.3637	
001.969	36.3761	63.6239	
002.033	36.6622	63.3378	
002.098	36.4048	63.5952	
002.161	35.9349	64.0651	
002.220	35.1784	64.8216	
002.282	34.0790	65.9210	
002.346	32.7998	67.2002	
002.409	31.5349	68.4651	
002.469	30.3498	69.6502	
002.533	29.1842	70.8158	
002.590	28.0420	71.9580	
002.655	26.9376	73.0624	
002.714	25.9064	74.0936	
002.774	24.8427	75.1573	
002.844	23.7944	76.2056	
002.909	22.8239	77.1761	
002.968	21.8851	78.1149	
003.033	20.9827	79.0173	
003.097	20.1320	79.8680	
003.155	19.3249	80.6751	
7703	 7703	 7703 
7701	 7701	 7701 
000.002	50.0000	50.0000	
000.035	50.0000	50.0000	
000.041	51.9758	48.0242	
000.099	53.6175	46.3825	
000.163	55.2444	44.7556	
000.227	56.8687	43.1313	
000.287	58.5298	41.4702	
000.351	60.2207	39.7793	
000.417	61.7783	38.2217	
000.480	63.1756	36.8244	
000.540	64.4872	35.5128	
000.599	65.6925	34.3075	
000.665	66.6446	33.3554	
000.728	67.3612	32.6388	
000.789	67.8519	32.1481	
000.853	68.3810	31.6190	
000.917	68.8379	31.1621	
000.981	69.1046	30.8954	
001.040	69.1814	30.8186	
001.101	69.2954	30.7046	
001.165	69.2152	30.7848	
001.228	68.7055	31.2945	
001.287	67.5216	32.4784	
001.352	65.9280	34.0720	
001.416	63.9225	36.0775	
001.479	61.9131	38.0869	
001.539	59.9977	40.0023	
001.599	58.2843	41.7157	
001.663	57.2893	42.7107	
001.727	56.8935	43.1065	
001.787	56.9476	43.0524	
001.852	56.8668	43.1332	
001.916	57.0117	42.9883	
001.980	57.0328	42.9672	
002.040	57.3200	42.6800	
002.098	57.8146	42.1854	
002.164	58.2169	41.7831	
002.228	58.5837	41.4163	
002.288	59.0762	40.9238	
002.352	59.3722	40.6278	
002.415	59.8219	40.1781	
002.480	60.0705	39.9295	
002.541	60.0671	39.9329	
002.600	59.9864	40.0136	
002.664	60.0026	39.9974	
002.728	60.1560	39.8440	
002.788	60.1354	39.8646	
002.851	60.0902	39.9098	
002.916	60.0259	39.9741	
002.980	60.0519	39.9481	
003.040	60.1460	39.8540	
003.099	60.2337	39.7663	
003.164	60.3954	39.6046	
003.228	60.4579	39.5421	
003.288	60.1661	39.8339	
003.352	60.0448	39.9552	
003.416	60.0469	39.9531	
003.480	60.0240	39.9760	
003.539	59.9711	40.0289	
003.600	59.5234	40.4766	
003.664	58.5873	41.4127	
003.728	57.6802	42.3198	
003.788	57.3174	42.6826	
003.852	57.0764	42.9236	
003.916	56.9340	43.0660	
003.980	56.5911	43.4089	
004.040	55.9910	44.0090	
004.099	55.4155	44.5845	
004.165	54.7273	45.2727	
004.228	53.8703	46.1297	
004.288	53.1864	46.8136	
004.352	52.4708	47.5292	
004.416	51.7355	48.2645	
004.480	51.1551	48.8449	
004.540	50.6791	49.3209	
004.600	50.1986	49.8014	
004.664	49.7764	50.2236	
004.728	48.9282	51.0718	
004.788	47.6960	52.3040	
004.852	46.2298	53.7702	
004.917	44.5907	55.4093	
004.979	42.9036	57.0964	
005.040	41.3097	58.6903	
005.100	39.6895	60.3105	
005.163	38.2133	61.7867	
005.232	36.7152	63.2848	
005.288	35.1962	64.8038	
005.352	33.6756	66.3244	
005.416	32.2129	67.7871	
005.480	30.8115	69.1885	
005.539	29.4639	70.5361	
005.600	28.1742	71.8258	
005.664	26.9453	73.0547	
005.727	25.8020	74.1980	
005.788	24.7038	75.2962	
005.852	23.7018	76.2982	
005.915	22.7192	77.2808	
005.978	21.8173	78.1827	
006.039	21.0466	78.9534	
006.098	20.3531	79.6469	
006.164	19.7252	80.2748	
7703	 7703	 7703 
7691	 7691	 7691 
000.001	50.0000	50.0000	
000.059	50.0000	50.0000	
000.064	52.3194	47.6805	
000.123	54.4703	45.5297	
000.188	56.5143	43.4857	
000.256	58.4262	41.5738	
000.310	60.2819	39.7181	
000.375	62.0524	37.9476	
000.439	63.7736	36.2264	
000.504	65.3894	34.6105	
000.566	66.9210	33.0790	
000.623	68.3389	31.6611	
000.687	69.6249	30.3751	
000.755	70.7242	29.2758	
000.811	71.7011	28.2989	
000.875	72.6828	27.3172	
000.940	73.6806	26.3194	
001.005	74.5892	25.4108	
001.064	75.4645	24.5355	
001.124	76.3478	23.6522	
001.188	77.2636	22.7364	
001.257	78.2085	21.7915	
001.312	79.1282	20.8718	
001.376	79.9703	20.0297	
001.440	80.7496	19.2504	
7693	 7693	 7693 
7691	 7691	 7691 
000.001	50.0000	50.0000	
000.036	50.0000	50.0000	
000.040	52.4530	47.5470	
000.100	54.7792	45.2208	
000.164	56.9864	43.0136	
000.228	59.0922	40.9078	
000.289	61.1013	38.8987	
000.348	63.0053	36.9947	
000.416	64.8130	35.1870	
000.480	66.5328	33.4672	
000.536	68.1663	31.8337	
000.600	69.7269	30.2731	
000.664	71.2106	28.7894	
000.735	72.6167	27.3833	
000.796	73.9493	26.0507	
000.856	75.1951	24.8049	
000.924	76.3389	23.6611	
000.989	77.3587	22.6413	
001.043	78.2586	21.7414	
001.108	79.0704	20.9296	
001.172	79.8161	20.1839	
001.237	80.4056	19.5944	
7693	 7693	 7693 
7701	 7701	 7701 
000.002	50.0000	50.0000	
000.035	50.0000	50.0000	
000.038	51.1505	48.8495	
000.103	52.0122	47.9878	
000.168	52.5715	47.4285	
000.230	52.7901	47.2099	
000.296	52.7139	47.2861	
000.350	52.3489	47.6511	
000.415	51.7696	48.2304	
000.472	50.9780	49.0220	
000.543	49.8849	50.1151	
000.596	48.8119	51.1881	
000.667	47.5517	52.4483	
000.731	46.0561	53.9439	
000.795	44.5506	55.4495	
000.851	43.0880	56.9120	
000.915	41.7032	58.2968	
000.978	40.3749	59.6251	
001.036	39.0803	60.9197	
001.096	37.8987	62.1013	
001.160	36.8781	63.1219	
001.224	36.1486	63.8514	
001.288	35.7239	64.2761	
001.344	35.2594	64.7406	
001.408	34.4755	65.5245	
001.472	33.5791	66.4209	
001.536	32.5776	67.4224	
001.596	31.4877	68.5123	
001.660	30.3449	69.6551	
001.724	29.2176	70.7824	
001.788	28.0828	71.9172	
001.844	27.0162	72.9838	
001.908	26.0402	73.9598	
001.978	25.1741	74.8259	
002.044	24.3633	75.6367	
002.104	23.5655	76.4345	
002.168	22.7921	77.2079	
002.231	21.9245	78.0755	
002.295	21.0590	78.9410	
002.351	20.2154	79.7846	
002.415	19.4511	80.5489	
7703	 7703	 7703 
7691	 7691	 7691 
000.001	50.0000	50.0000	
000.042	50.0000	50.0000	
000.047	52.1612	47.8388	
000.103	54.2854	45.7146	
000.170	56.3553	43.6447	
000.234	58.2958	41.7043	
000.299	60.1193	39.8807	
000.355	61.8310	38.1690	
000.419	63.4251	36.5749	
000.484	64.9435	35.0565	
000.547	66.3416	33.6584	
000.606	67.6086	32.3914	
000.670	68.8405	31.1595	
000.735	70.0059	29.9941	
000.798	71.1061	28.8939	
000.856	72.1470	27.8530	
000.914	73.1239	26.8761	
000.983	73.9234	26.0766	
001.047	74.7423	25.2577	
001.106	75.4568	24.5432	
001.170	76.1448	23.8552	
001.234	76.8848	23.1152	
001.299	77.5899	22.4101	
001.354	78.3071	21.6929	
001.418	78.9738	21.0262	
001.483	79.4508	20.5492	
001.540	79.8386	20.1614	
001.606	80.1616	19.8384	
7693	 7693	 7693 
7691	 7691	 7691 
000.002	50.0000	50.0000	
000.048	50.0000	50.0000	
000.053	52.3147	47.6853	
000.111	54.4784	45.5216	
000.176	56.5020	43.4980	
000.240	58.3734	41.6266	
000.305	60.1192	39.8808	
000.365	61.8321	38.1679	
000.424	63.4773	36.5227	
000.488	65.0054	34.9946	
000.553	66.4280	33.5720	
000.611	67.6654	32.3346	
000.676	68.7006	31.2994	
000.741	69.4866	30.5134	
000.805	69.9776	30.0224	
000.864	70.3310	29.6690	
000.924	70.7276	29.2724	
000.988	71.1127	28.8873	
001.052	71.5002	28.4998	
001.112	71.8670	28.1330	
001.175	72.2519	27.7481	
001.242	72.6156	27.3844	
001.304	72.9252	27.0748	
001.363	73.1899	26.8101	
001.424	73.5438	26.4562	
001.482	74.0631	25.9369	
001.546	74.4517	25.5483	
001.605	74.9148	25.0852	
001.676	75.3792	24.6208	
001.740	75.9052	24.0948	
001.804	76.4989	23.5011	
001.857	77.1499	22.8501	
001.925	77.8402	22.1598	
001.989	78.4582	21.5418	
002.053	78.9477	21.0523	
002.113	79.2459	20.7541	
002.176	79.4007	20.5993	
002.240	79.4985	20.5015	
002.304	79.5750	20.4250	
002.364	79.7926	20.2074	
002.424	79.8927	20.1073	
002.488	79.9399	20.0601	
002.553	80.0669	19.9331	
7693	 7693	 7693 
