time 	 LH 	 RH
7691	 7691	 7691 
000.029	50.0000	50.0000	
000.041	52.3506	47.6494	
000.071	54.5849	45.4151	
000.144	56.7181	43.2819	
000.226	58.7582	41.2418	
000.260	60.6777	39.3223	
000.327	62.5212	37.4788	
000.390	64.2214	35.7786	
000.455	65.6939	34.3061	
000.513	66.9720	33.0280	
000.574	68.0316	31.9684	
000.641	68.9324	31.0676	
000.706	69.7916	30.2084	
000.761	70.5941	29.4059	
000.826	71.3853	28.6147	
000.890	72.1894	27.8106	
000.954	72.9102	27.0898	
001.014	73.4697	26.5303	
001.073	74.1321	25.8679	
001.142	74.7131	25.2870	
001.206	75.1807	24.8193	
001.262	75.6867	24.3133	
001.325	76.1470	23.8530	
001.390	76.6906	23.3094	
001.455	77.3976	22.6024	
001.514	78.0792	21.9208	
001.576	78.7212	21.2788	
001.642	79.3615	20.6385	
001.706	79.8967	20.1033	
001.762	80.3604	19.6396	
001.825	80.6178	19.3822	
001.890	80.8307	19.1693	
001.954	80.9365	19.0635	
002.014	80.7403	19.2597	
002.074	80.4711	19.5289	
002.142	80.2384	19.7616	
002.207	80.0392	19.9608	
002.286	79.6901	20.3099	
002.325	79.3016	20.6984	
002.390	78.7697	21.2303	
002.455	78.1325	21.8675	
002.514	77.8007	22.1993	
002.574	77.7026	22.2974	
002.643	77.8617	22.1383	
002.699	78.1916	21.8084	
002.756	78.5302	21.4698	
002.827	78.9248	21.0752	
002.890	79.2546	20.7454	
002.954	79.5592	20.4408	
003.014	80.0220	19.9780	
003.075	80.3327	19.6673	
003.142	80.5338	19.4662	
003.206	80.6591	19.3409	
003.262	80.7725	19.2275	
003.326	80.9522	19.0478	
003.389	81.0971	18.9029	
003.454	81.2946	18.7054	
003.513	81.3263	18.6737	
003.574	81.1955	18.8045	
003.642	80.7682	19.2318	
003.706	79.8122	20.1878	
003.763	78.7467	21.2533	
003.827	77.3156	22.6844	
003.890	75.7433	24.2567	
003.954	74.1576	25.8424	
004.014	72.5571	27.4429	
004.074	71.0999	28.9001	
004.142	69.7570	30.2430	
004.206	68.3362	31.6638	
004.262	67.0510	32.9490	
004.327	65.9045	34.0955	
004.390	64.8560	35.1440	
004.455	63.5441	36.4559	
004.515	62.3890	37.6110	
004.574	61.3500	38.6500	
004.641	60.4739	39.5261	
004.706	59.4667	40.5333	
004.763	58.2002	41.7998	
004.826	57.0273	42.9727	
004.890	56.0392	43.9608	
004.954	55.1460	44.8540	
005.014	54.2356	45.7644	
005.071	53.1484	46.8516	
005.144	52.0412	47.9588	
005.207	51.0515	48.9485	
005.263	49.8266	50.1734	
005.326	48.4655	51.5345	
005.391	47.0778	52.9222	
005.455	45.7255	54.2745	
005.515	44.4506	55.5494	
005.574	43.3961	56.6039	
005.641	42.4416	57.5584	
005.706	41.6158	58.3842	
005.762	40.5202	59.4798	
005.826	39.5904	60.4096	
005.890	38.6718	61.3282	
005.955	38.1403	61.8597	
006.014	37.7174	62.2826	
006.074	37.4061	62.5939	
006.135	37.3000	62.7000	
006.207	37.1818	62.8182	
006.255	37.2812	62.7188	
006.319	37.6630	62.3370	
006.383	38.2371	61.7629	
006.447	39.1223	60.8777	
006.507	40.0171	59.9829	
006.567	40.7127	59.2873	
006.635	41.1339	58.8661	
006.699	41.6761	58.3239	
006.755	42.6869	57.3131	
006.819	43.7199	56.2801	
006.890	44.5213	55.4787	
006.954	44.6910	55.3090	
007.014	44.6975	55.3025	
7692	 7692	 7692 
7701	 7701	 7701 
000.002	50.0000	50.0000	
000.035	50.0000	50.0000	
000.038	50.0000	50.0000	
000.084	49.5032	50.4968	
000.150	49.6555	50.3445	
000.214	49.7997	50.2003	
000.278	49.9973	50.0027	
000.343	49.5600	50.4400	
000.399	48.5568	51.4432	
000.463	47.5462	52.4538	
000.527	46.3639	53.6361	
000.591	45.1122	54.8878	
000.651	43.7595	56.2405	
000.714	42.2780	57.7220	
000.778	40.8433	59.1567	
000.842	39.5217	60.4783	
000.898	38.2317	61.7683	
000.962	37.0625	62.9375	
001.027	35.8465	64.1535	
001.091	34.7094	65.2906	
001.151	33.6274	66.3726	
001.214	32.9062	67.0938	
001.278	32.4908	67.5092	
001.343	32.4746	67.5254	
001.398	32.5529	67.4471	
001.462	32.5630	67.4370	
001.528	32.4009	67.5991	
001.583	32.1860	67.8140	
001.643	32.2483	67.7517	
001.707	32.4819	67.5181	
001.772	32.8023	67.1977	
001.835	33.0167	66.9833	
001.899	33.1262	66.8738	
001.964	32.8959	67.1041	
002.026	32.4711	67.5289	
002.091	31.9205	68.0795	
002.150	31.3909	68.6091	
002.214	30.8222	69.1778	
002.278	30.3626	69.6374	
002.342	29.9117	70.0883	
002.398	29.4906	70.5094	
002.463	28.9234	71.0766	
002.526	28.4644	71.5356	
002.590	27.9283	72.0717	
002.651	27.3576	72.6424	
002.715	26.8684	73.1316	
002.779	26.3716	73.6284	
002.842	25.8170	74.1830	
002.898	25.3468	74.6532	
002.962	24.9362	75.0638	
003.026	24.5630	75.4370	
003.091	24.1094	75.8906	
003.152	23.6795	76.3205	
003.214	23.3990	76.6010	
003.279	23.2035	76.7965	
003.344	23.0627	76.9373	
003.399	22.7930	77.2070	
003.463	22.5088	77.4912	
003.526	22.2695	77.7305	
003.592	21.9015	78.0985	
003.650	21.4923	78.5077	
003.713	21.0735	78.9265	
003.777	20.7553	79.2447	
003.843	20.5563	79.4437	
003.898	20.3224	79.6776	
003.955	20.1440	79.8560	
004.023	19.9311	80.0689	
004.091	19.6133	80.3867	
004.150	19.2590	80.7410	
004.215	18.9663	81.0337	
004.278	18.6175	81.3825	
004.344	18.2055	81.7945	
004.398	17.8313	82.1687	
7703	 7703	 7703 
7691	 7691	 7691 
000.002	50.0000	50.0000	
000.024	50.0000	50.0000	
000.038	50.0000	50.0000	
000.082	49.4003	50.5997	
000.147	49.5127	50.4873	
000.210	49.6910	50.3090	
000.274	49.9806	50.0194	
000.339	50.6493	49.3507	
000.399	51.5454	48.4546	
000.459	52.5251	47.4749	
000.523	53.3019	46.6981	
000.587	53.9805	46.0195	
000.648	54.7932	45.2068	
000.710	55.6804	44.3196	
000.774	56.7213	43.2787	
000.839	57.6440	42.3560	
000.899	58.5239	41.4761	
000.958	59.3101	40.6899	
001.023	60.0319	39.9681	
001.086	60.5431	39.4569	
001.147	61.0821	38.9179	
001.211	61.8275	38.1725	
001.275	62.8233	37.1767	
001.340	63.7315	36.2685	
001.399	64.5842	35.4158	
001.458	65.4647	34.5353	
001.522	66.2308	33.7692	
001.586	66.9768	33.0232	
001.647	67.8042	32.1958	
001.710	68.4553	31.5447	
001.774	69.0787	30.9213	
001.832	69.8733	30.1267	
001.891	70.7496	29.2504	
001.951	71.6843	28.3157	
002.015	72.6057	27.3943	
002.080	73.5047	26.4953	
002.139	74.4433	25.5567	
002.203	75.3042	24.6958	
002.267	76.1480	23.8520	
002.331	76.8738	23.1262	
002.398	77.5008	22.4992	
002.458	78.0918	21.9082	
002.523	78.5917	21.4083	
002.586	79.0723	20.9277	
002.646	79.5010	20.4990	
002.711	79.9322	20.0678	
002.775	80.4433	19.5567	
002.838	80.9259	19.0741	
002.898	81.3324	18.6676	
002.957	81.6064	18.3936	
003.023	81.7388	18.2612	
003.087	81.7332	18.2668	
003.148	81.5618	18.4382	
003.212	81.4966	18.5034	
003.276	81.3713	18.6287	
003.340	81.4564	18.5436	
003.400	81.6593	18.3407	
003.461	81.9093	18.0907	
003.525	82.3084	17.6916	
7693	 7693	 7693 
7701	 7701	 7701 
000.002	50.0000	50.0000	
000.019	50.0000	50.0000	
000.024	51.5138	48.4862	
000.089	53.0290	46.9710	
000.150	54.6031	45.3969	
000.214	56.0723	43.9277	
000.274	57.6309	42.3691	
000.334	59.0837	40.9163	
000.398	60.5247	39.4753	
000.466	61.8686	38.1314	
000.522	63.0724	36.9276	
000.586	63.9630	36.0370	
000.650	64.6450	35.3550	
000.714	65.0330	34.9670	
000.774	65.3752	34.6248	
000.834	65.3837	34.6163	
000.898	65.1457	34.8543	
000.966	64.3523	35.6477	
001.023	63.2799	36.7201	
001.086	62.0287	37.9713	
001.151	60.8147	39.1853	
001.214	59.4406	40.5594	
001.274	57.6197	42.3803	
001.334	55.8880	44.1120	
001.397	54.3562	45.6437	
001.466	53.0805	46.9195	
001.522	52.0197	47.9803	
001.585	51.5397	48.4603	
001.649	51.4377	48.5623	
001.714	51.5601	48.4399	
001.775	51.8082	48.1918	
001.834	51.9866	48.0134	
001.898	52.2676	47.7324	
001.966	52.8770	47.1230	
002.021	53.4653	46.5347	
002.087	53.9007	46.0993	
002.151	54.2008	45.7992	
002.215	54.6046	45.3954	
002.275	54.6256	45.3744	
002.334	54.3310	45.6690	
002.398	53.9771	46.0229	
002.468	53.3286	46.6714	
002.523	52.6411	47.3589	
002.587	51.5439	48.4561	
002.650	50.4345	49.5655	
002.714	49.3321	50.6679	
002.775	48.1108	51.8892	
002.835	46.9924	53.0077	
002.899	45.9871	54.0129	
002.966	44.9034	55.0966	
003.022	43.9453	56.0547	
003.087	42.9935	57.0065	
003.152	42.1691	57.8309	
003.214	41.2127	58.7873	
003.274	40.4816	59.5184	
003.335	39.9104	60.0896	
003.398	39.0328	60.9672	
003.466	38.0483	61.9517	
003.522	36.9498	63.0502	
003.586	35.8547	64.1453	
003.650	34.7443	65.2557	
003.715	33.6212	66.3788	
003.774	32.4935	67.5065	
003.835	31.3609	68.6391	
003.899	30.2277	69.7722	
003.966	29.2205	70.7795	
004.022	28.3075	71.6925	
004.086	27.5435	72.4565	
004.151	26.7485	73.2515	
004.216	25.9331	74.0669	
004.274	25.2233	74.7767	
004.336	24.4615	75.5385	
004.391	23.8391	76.1609	
004.459	23.2641	76.7359	
004.515	22.6878	77.3122	
004.579	22.0475	77.9525	
004.643	21.3217	78.6783	
004.707	20.5605	79.4395	
004.767	19.8952	80.1048	
004.827	19.2451	80.7549	
004.891	18.5849	81.4151	
004.959	17.9599	82.0401	
7703	 7703	 7703 
7691	 7691	 7691 
000.001	50.0000	50.0000	
000.025	50.0000	50.0000	
000.031	52.2050	47.7950	
000.081	54.3008	45.6992	
000.147	56.2920	43.7080	
000.207	58.1647	41.8353	
000.271	59.9707	40.0293	
000.340	61.6786	38.3214	
000.395	63.3073	36.6927	
000.459	64.7510	35.2491	
000.524	66.0759	33.9241	
000.588	67.2287	32.7713	
000.647	68.2972	31.7028	
000.708	69.3107	30.6893	
000.776	70.2270	29.7730	
000.840	71.0011	28.9989	
000.896	71.7212	28.2788	
000.960	72.5501	27.4499	
001.023	73.3273	26.6727	
001.088	73.9259	26.0741	
001.147	74.3093	25.6907	
001.208	74.4737	25.5263	
001.276	74.4019	25.5981	
001.340	74.3379	25.6621	
001.397	74.2070	25.7930	
001.460	74.2241	25.7759	
001.524	74.1979	25.8021	
001.588	74.3444	25.6556	
001.648	74.3565	25.6435	
001.708	74.2272	25.7728	
001.775	74.3150	25.6850	
001.839	74.5271	25.4729	
001.897	74.5938	25.4062	
001.960	74.5551	25.4449	
002.024	74.5818	25.4182	
002.088	74.7343	25.2657	
002.147	75.0839	24.9161	
002.207	75.5523	24.4477	
002.275	76.1498	23.8502	
002.339	76.8777	23.1223	
002.388	77.6882	22.3118	
002.452	78.5379	21.4621	
002.517	79.3915	20.6085	
002.580	80.1640	19.8360	
002.647	80.8780	19.1220	
002.700	81.5468	18.4532	
002.768	82.1738	17.8262	
7693	 7693	 7693 
7701	 7701	 7701 
000.000	50.0000	50.0000	
000.017	50.0000	50.0000	
000.019	50.8543	49.1457	
000.086	51.4567	48.5433	
000.152	52.3217	47.6783	
000.217	52.8418	47.1582	
000.277	53.4083	46.5917	
000.337	53.5380	46.4620	
000.404	53.4409	46.5591	
000.470	52.8241	47.1759	
000.525	51.9630	48.0370	
000.582	51.1134	48.8866	
000.651	50.4037	49.5963	
000.717	49.8728	50.1272	
000.777	49.2900	50.7100	
000.837	48.4404	51.5596	
000.905	47.6418	52.3582	
000.971	46.6642	53.3358	
001.024	45.9491	54.0510	
001.089	45.3152	54.6848	
001.153	44.2639	55.7361	
001.217	43.2229	56.7771	
001.277	42.1965	57.8035	
001.337	40.9810	59.0190	
001.405	39.8109	60.1891	
001.469	38.8420	61.1580	
001.524	37.9079	62.0921	
001.588	37.2287	62.7713	
001.654	36.7198	63.2802	
001.718	36.7578	63.2422	
001.777	36.8439	63.1561	
001.838	36.9844	63.0156	
001.906	36.8450	63.1550	
001.969	36.5806	63.4194	
002.026	36.0618	63.9382	
002.088	35.5696	64.4304	
002.153	35.0241	64.9759	
002.217	34.4603	65.5397	
002.277	33.7231	66.2769	
002.330	32.9962	67.0038	
002.398	31.9969	68.0031	
002.462	30.9051	69.0949	
002.518	29.7500	70.2500	
002.582	28.5962	71.4038	
002.646	27.5371	72.4629	
002.710	26.5790	73.4210	
002.770	25.6300	74.3700	
002.830	24.8139	75.1861	
002.898	24.0276	75.9724	
002.962	23.3832	76.6168	
003.018	22.7419	77.2581	
003.082	22.0855	77.9145	
003.146	21.4656	78.5344	
003.210	20.9043	79.0957	
003.270	20.3435	79.6565	
003.334	19.7907	80.2093	
003.398	19.2663	80.7337	
003.462	18.8638	81.1362	
003.518	18.7790	81.2210	
003.588	18.7501	81.2499	
003.652	18.8930	81.1070	
003.716	19.3411	80.6589	
003.776	20.2025	79.7975	
003.841	20.9088	79.0912	
003.905	21.4377	78.5623	
003.970	22.0465	77.9535	
004.025	22.7565	77.2435	
004.089	23.5947	76.4053	
004.154	24.3080	75.6920	
004.214	24.9558	75.0442	
004.277	24.9558	75.0442	
004.340	24.9558	75.0442	
004.404	24.9558	75.0442	
004.470	24.9558	75.0442	
004.528	24.9558	75.0442	
004.582	24.9558	75.0442	
004.652	24.9558	75.0442	
004.718	24.9558	75.0442	
004.777	24.9558	75.0442	
004.842	24.9558	75.0442	
004.905	24.9558	75.0442	
004.969	24.9558	75.0442	
005.027	24.9558	75.0442	
005.090	24.9558	75.0442	
005.154	24.9558	75.0442	
005.218	24.9558	75.0442	
005.278	24.9558	75.0442	
005.342	25.3097	74.6903	
005.406	25.8910	74.1090	
005.469	26.3478	73.6522	
005.525	26.6595	73.3405	
005.589	26.7338	73.2662	
005.653	26.8175	73.1825	
005.717	26.9617	73.0383	
005.778	27.0427	72.9573	
005.842	26.7198	73.2802	
005.906	26.2726	73.7274	
005.970	25.8577	74.1423	
006.026	25.6393	74.3607	
006.089	25.5675	74.4325	
006.153	25.4919	74.5081	
006.217	25.7185	74.2815	
006.277	26.0888	73.9112	
006.341	26.8200	73.1800	
006.405	27.5244	72.4756	
006.469	28.3455	71.6545	
006.524	29.0903	70.9097	
006.589	30.0002	69.9998	
006.653	30.7880	69.2120	
006.717	31.3048	68.6952	
006.773	31.7818	68.2182	
006.834	32.2485	67.7515	
006.898	32.6063	67.3937	
006.962	33.0243	66.9756	
007.018	33.1070	66.8930	
7702	 7702	 7702 
7701	 7701	 7701 
000.002	50.0000	50.0000	
000.024	50.0000	50.0000	
000.030	51.5292	48.4708	
000.078	52.9878	47.0122	
000.143	54.2683	45.7317	
000.210	55.1786	44.8214	
000.265	55.9286	44.0714	
000.331	56.6151	43.3849	
000.395	56.6364	43.3636	
000.461	56.0712	43.9288	
000.523	55.3051	44.6949	
000.580	54.4840	45.5160	
000.636	53.7931	46.2069	
000.704	53.4732	46.5268	
000.764	52.8565	47.1435	
000.824	52.1366	47.8634	
000.888	51.2829	48.7171	
000.952	50.4997	49.5003	
001.022	50.2449	49.7551	
001.079	50.4755	49.5245	
001.138	50.8016	49.1984	
001.207	51.5211	48.4789	
001.272	52.3538	47.6462	
001.331	53.2550	46.7450	
001.395	54.1086	45.8914	
001.459	55.0013	44.9987	
001.524	55.4803	44.5197	
001.580	55.6757	44.3243	
001.643	55.8610	44.1390	
001.708	55.8898	44.1102	
001.772	56.2171	43.7829	
001.831	56.6044	43.3956	
001.895	56.7675	43.2325	
001.959	56.9634	43.0366	
002.023	56.8714	43.1286	
002.080	56.4410	43.5590	
002.143	56.0202	43.9798	
002.207	55.5564	44.4436	
002.271	55.1367	44.8633	
002.332	54.5923	45.4077	
002.395	54.0964	45.9036	
002.459	54.0609	45.9391	
002.523	54.1862	45.8138	
002.583	54.5015	45.4985	
002.643	54.9069	45.0931	
002.707	55.1070	44.8930	
002.771	55.0675	44.9325	
002.831	54.7337	45.2663	
002.895	54.3640	45.6360	
002.960	53.9106	46.0894	
003.024	53.4568	46.5432	
003.083	53.2655	46.7346	
003.143	53.0821	46.9179	
003.207	53.6520	46.3480	
003.272	54.5728	45.4272	
003.330	55.6286	44.3714	
003.395	56.8141	43.1859	
003.461	57.7881	42.2119	
003.523	58.4975	41.5025	
003.584	59.0136	40.9864	
003.644	58.9954	41.0046	
003.710	58.5163	41.4837	
003.772	58.1358	41.8642	
003.831	57.8399	42.1601	
003.895	57.6499	42.3501	
003.961	57.6284	42.3716	
004.024	57.8190	42.1810	
004.083	57.9271	42.0729	
004.144	57.9868	42.0131	
004.208	57.4322	42.5678	
004.273	56.3790	43.6210	
004.330	55.1022	44.8978	
004.397	53.9839	46.0161	
004.459	52.7436	47.2564	
004.523	51.9981	48.0019	
004.583	51.4223	48.5777	
004.644	51.1149	48.8851	
004.707	51.0785	48.9215	
004.771	51.1723	48.8277	
004.831	51.5179	48.4821	
004.894	52.0356	47.9644	
004.961	52.3417	47.6583	
005.025	52.7857	47.2142	
005.083	53.3227	46.6773	
005.145	53.8213	46.1787	
005.209	54.4767	45.5233	
005.272	55.2400	44.7600	
005.332	56.0098	43.9902	
005.396	56.4709	43.5291	
005.460	56.6332	43.3668	
005.523	56.6094	43.3906	
005.583	56.7422	43.2578	
005.636	56.8110	43.1890	
005.700	56.9548	43.0452	
005.764	57.0560	42.9440	
005.824	56.7927	43.2073	
005.888	56.7282	43.2718	
005.952	57.1433	42.8567	
006.016	57.6923	42.3077	
006.076	58.4133	41.5867	
006.136	58.9926	41.0074	
006.200	59.8041	40.1959	
006.264	59.8041	40.1959	
006.324	59.8041	40.1959	
006.388	59.8041	40.1959	
006.452	59.8041	40.1959	
006.516	59.8041	40.1959	
006.576	59.8041	40.1959	
006.636	59.8041	40.1959	
006.700	59.8041	40.1959	
006.764	59.8041	40.1959	
006.824	59.8041	40.1959	
006.888	59.8041	40.1959	
006.952	59.8041	40.1959	
007.016	59.8041	40.1959	
7702	 7702	 7702 
7691	 7691	 7691 
000.003	50.0000	50.0000	
000.065	50.0000	50.0000	
000.072	49.5288	50.4712	
000.132	48.9447	51.0553	
000.195	48.8653	51.1347	
000.256	49.0464	50.9536	
000.320	48.8738	51.1262	
000.384	48.9485	51.0515	
000.448	49.6318	50.3682	
000.508	50.3306	49.6694	
000.568	51.0285	48.9715	
000.632	51.7774	48.2226	
000.697	52.2505	47.7495	
000.755	52.9063	47.0937	
000.820	53.8820	46.1180	
000.883	55.1984	44.8016	
000.948	56.6390	43.3610	
001.008	58.1425	41.8575	
001.068	59.6662	40.3338	
001.133	61.2337	38.7663	
001.197	62.6948	37.3052	
001.256	64.1127	35.8873	
001.320	65.5401	34.4599	
001.386	66.9084	33.0916	
001.448	68.0073	31.9927	
001.508	69.1352	30.8648	
001.569	70.2460	29.7540	
001.634	71.3008	28.6992	
001.696	72.3999	27.6001	
001.756	73.4797	26.5203	
001.820	74.4622	25.5378	
001.884	75.3115	24.6885	
001.948	76.1204	23.8796	
002.007	76.9037	23.0963	
002.069	77.6601	22.3399	
002.131	78.3003	21.6997	
002.196	78.9787	21.0213	
002.256	79.6065	20.3935	
002.320	80.1961	19.8039	
002.384	80.7394	19.2606	
002.448	81.2599	18.7401	
002.508	81.7778	18.2222	
002.568	82.2562	17.7438	
7693	 7693	 7693 
7701	 7701	 7701 
000.002	50.0000	50.0000	
000.031	50.0000	50.0000	
000.038	49.4088	50.5912	
000.094	48.6321	51.3679	
000.160	47.7625	52.2375	
000.227	46.8225	53.1775	
000.282	45.8337	54.1663	
000.346	44.8762	55.1238	
000.412	44.1636	55.8364	
000.475	43.5396	56.4604	
000.536	42.8605	57.1395	
000.595	42.1153	57.8847	
000.660	41.2890	58.7110	
000.727	40.2682	59.7318	
000.784	39.2954	60.7046	
000.848	38.2399	61.7601	
000.913	37.0282	62.9718	
000.976	35.8902	64.1098	
001.036	34.7921	65.2079	
001.095	33.9011	66.0989	
001.159	32.9863	67.0137	
001.229	32.0935	67.9065	
001.283	31.2290	68.7710	
001.349	30.2193	69.7807	
001.412	29.1429	70.8571	
001.476	28.1941	71.8059	
001.535	27.3785	72.6215	
001.595	26.7661	73.2339	
001.660	26.1512	73.8488	
001.728	25.5070	74.4930	
001.784	24.6316	75.3684	
001.848	23.7492	76.2508	
001.911	22.9237	77.0763	
001.975	22.1660	77.8340	
002.035	21.4766	78.5234	
002.096	20.7827	79.2173	
002.159	20.1095	79.8905	
002.227	19.5434	80.4566	
002.284	19.0397	80.9603	
002.348	18.5450	81.4550	
002.413	18.1941	81.8059	
002.475	17.8943	82.1057	
7703	 7703	 7703 
7701	 7701	 7701 
000.001	50.0000	50.0000	
000.021	50.0000	50.0000	
000.024	50.0000	50.0000	
000.074	52.7878	47.2122	
000.138	54.1905	45.8095	
000.198	55.1366	44.8634	
000.258	55.3701	44.6299	
000.326	55.2291	44.7709	
000.390	55.0632	44.9368	
000.450	54.5572	45.4428	
000.517	54.3589	45.6411	
000.582	54.3331	45.6669	
000.646	54.3943	45.6057	
000.707	54.4561	45.5439	
000.765	54.4206	45.5794	
000.833	54.3086	45.6914	
000.899	53.8060	46.1940	
000.953	53.2295	46.7705	
001.018	52.7947	47.2053	
001.082	52.6277	47.3723	
001.146	52.6498	47.3502	
001.205	52.9026	47.0974	
001.265	53.7738	46.2262	
001.334	54.6661	45.3339	
001.398	55.1965	44.8035	
001.455	55.7346	44.2654	
001.518	56.1046	43.8954	
001.583	56.2947	43.7053	
001.647	56.2974	43.7026	
001.706	56.0451	43.9549	
001.766	55.5460	44.4540	
001.834	55.2044	44.7956	
001.897	55.0354	44.9646	
001.953	54.9487	45.0513	
002.017	54.7831	45.2169	
002.081	54.9132	45.0868	
002.146	55.2628	44.7372	
002.198	55.7065	44.2935	
002.258	56.1617	43.8383	
002.326	56.8177	43.1823	
002.390	57.6856	42.3144	
002.446	58.5552	41.4448	
002.517	59.6012	40.3988	
002.583	60.7114	39.2886	
002.648	61.7723	38.2277	
002.706	62.7873	37.2127	
002.758	63.8157	36.1843	
002.831	64.7509	35.2491	
002.890	65.7319	34.2681	
002.952	66.7056	33.2944	
003.017	67.5670	32.4330	
003.081	68.1244	31.8756	
003.145	68.5390	31.4610	
003.206	68.7358	31.2642	
003.264	68.9044	31.0956	
003.333	68.8593	31.1407	
003.398	68.6208	31.3792	
003.453	68.2495	31.7505	
003.517	67.5050	32.4950	
003.582	65.9443	34.0557	
003.647	64.1696	35.8304	
003.698	62.5880	37.4120	
003.758	60.9294	39.0706	
003.826	59.3468	40.6532	
003.897	57.5675	42.4325	
003.955	55.7108	44.2892	
004.018	53.9365	46.0635	
004.082	52.2836	47.7164	
004.146	50.4316	49.5684	
004.206	48.5743	51.4257	
004.266	46.6567	53.3433	
004.333	44.6585	55.3415	
004.397	42.7225	57.2775	
004.453	40.8924	59.1076	
004.518	39.1287	60.8713	
004.581	37.5373	62.4627	
004.645	36.0759	63.9241	
004.706	34.6059	65.3941	
004.765	33.2085	66.7915	
004.834	31.8817	68.1183	
004.898	30.7334	69.2666	
004.954	29.6016	70.3984	
005.018	28.4894	71.5106	
005.081	27.4268	72.5732	
005.145	26.4429	73.5571	
005.206	25.5381	74.4619	
005.266	24.6899	75.3101	
005.334	23.9151	76.0849	
005.398	23.2033	76.7967	
005.454	22.5814	77.4186	
005.517	22.0149	77.9851	
005.582	21.4770	78.5230	
005.645	20.8582	79.1418	
005.707	20.2984	79.7016	
005.766	19.7486	80.2514	
005.834	19.1258	80.8742	
005.898	18.3945	81.6055	
005.954	17.7366	82.2634	
7703	 7703	 7703 
7691	 7691	 7691 
000.000	50.0000	50.0000	
000.054	50.0000	50.0000	
000.055	51.0340	48.9660	
000.125	52.4066	47.5934	
000.191	54.0906	45.9094	
000.246	55.9343	44.0657	
000.309	57.8182	42.1818	
000.374	59.6767	40.3233	
000.438	61.4633	38.5367	
000.497	63.2477	36.7523	
000.561	64.9908	35.0092	
000.626	66.6703	33.3297	
000.690	68.2804	31.7196	
000.746	69.8274	30.1726	
000.809	71.2889	28.7111	
000.874	72.6813	27.3187	
000.937	74.0103	25.9897	
000.997	75.2530	24.7470	
001.062	76.4362	23.5638	
001.126	77.5604	22.4396	
001.189	78.6107	21.3893	
001.245	79.5973	20.4027	
001.310	80.5212	19.4788	
001.375	81.3696	18.6304	
001.438	82.0951	17.9049	
7693	 7693	 7693 
7691	 7691	 7691 
000.001	50.0000	50.0000	
000.024	50.0000	50.0000	
000.026	51.7972	48.2028	
000.089	53.5611	46.4389	
000.145	55.0256	44.9744	
000.209	56.4370	43.5630	
000.273	57.8970	42.1030	
000.337	59.4007	40.5993	
000.401	60.8760	39.1240	
000.467	62.3184	37.6816	
000.532	63.7154	36.2846	
000.597	65.0178	34.9822	
000.652	66.2615	33.7385	
000.717	67.5099	32.4901	
000.780	68.6380	31.3620	
000.844	69.7641	30.2359	
000.905	70.7481	29.2519	
000.969	71.5930	28.4070	
001.034	72.3902	27.6098	
001.096	73.0814	26.9186	
001.157	73.8360	26.1640	
001.217	74.4964	25.5036	
001.283	75.2561	24.7439	
001.344	75.9766	24.0234	
001.405	76.7086	23.2914	
001.470	77.4264	22.5736	
001.534	78.0213	21.9787	
001.596	78.6582	21.3418	
001.656	79.2386	20.7614	
001.716	79.8194	20.1806	
001.782	80.3063	19.6937	
001.845	80.5357	19.4643	
001.905	80.7204	19.2796	
001.969	80.9150	19.0850	
002.032	80.9670	19.0330	
002.096	80.8735	19.1265	
002.156	80.5319	19.4681	
002.216	80.0879	19.9121	
002.280	79.5117	20.4882	
002.337	78.6905	21.3095	
002.400	77.6816	22.3184	
002.468	76.6380	23.3620	
002.533	75.6013	24.3987	
002.597	74.2483	25.7517	
002.656	72.7594	27.2406	
002.711	71.4090	28.5910	
002.774	70.4102	29.5898	
002.837	69.6481	30.3519	
002.897	69.2560	30.7440	
002.961	69.3392	30.6608	
003.025	69.7968	30.2032	
003.089	70.1930	29.8070	
003.149	70.6326	29.3674	
003.216	71.1867	28.8133	
003.280	71.5159	28.4841	
003.344	72.0474	27.9526	
003.406	72.5985	27.4015	
003.468	73.1957	26.8043	
003.535	73.7673	26.2327	
003.598	74.2729	25.7271	
003.657	74.7034	25.2966	
003.718	75.3798	24.6202	
003.781	76.1580	23.8420	
003.845	76.9166	23.0834	
003.905	77.5687	22.4313	
003.969	78.2832	21.7168	
004.033	79.0286	20.9714	
004.098	79.8272	20.1728	
004.156	80.5995	19.4005	
004.216	81.3758	18.6242	
004.281	82.1565	17.8435	
7693	 7693	 7693 
7691	 7691	 7691 
000.002	50.0000	50.0000	
000.034	50.0000	50.0000	
000.040	51.4466	48.5534	
000.098	52.8403	47.1597	
000.166	54.2108	45.7892	
000.226	55.6880	44.3120	
000.285	57.2669	42.7331	
000.350	58.8713	41.1287	
000.415	60.5851	39.4149	
000.474	62.3666	37.6334	
000.538	64.1203	35.8797	
000.603	65.8206	34.1794	
000.668	67.4503	32.5497	
000.726	68.9857	31.0143	
000.788	70.4304	29.5696	
000.851	71.8184	28.1816	
000.914	73.1027	26.8973	
000.975	74.2852	25.7148	
001.038	75.4120	24.5880	
001.102	76.4867	23.5133	
001.166	77.4932	22.5068	
001.225	78.4141	21.5860	
001.286	79.3153	20.6847	
001.350	80.1408	19.8592	
001.413	80.8901	19.1099	
001.474	81.5776	18.4224	
001.539	82.1760	17.8240	
7693	 7693	 7693 
7701	 7701	 7701 
000.000	50.0000	50.0000	
000.030	50.0000	50.0000	
000.032	51.2949	48.7051	
000.091	52.3770	47.6230	
000.151	53.2891	46.7109	
000.221	53.8523	46.1477	
000.283	54.3947	45.6053	
000.341	54.7131	45.2869	
000.403	54.8264	45.1736	
000.473	54.8216	45.1784	
000.538	54.4391	45.5609	
000.598	53.9092	46.0908	
000.659	53.3338	46.6662	
000.722	52.7181	47.2819	
000.790	52.0042	47.9958	
000.846	51.1280	48.8720	
000.910	50.1198	49.8802	
000.974	49.1172	50.8828	
001.039	48.1882	51.8118	
001.098	47.3026	52.6974	
001.158	46.4373	53.5627	
001.224	45.8362	54.1638	
001.290	45.3146	54.6854	
001.346	44.9236	55.0764	
001.410	44.7218	55.2782	
001.475	44.7561	55.2439	
001.539	44.7171	55.2829	
001.598	44.6555	55.3445	
001.657	44.8657	55.1343	
001.722	45.3702	54.6297	
001.790	45.5317	54.4683	
001.846	45.5777	54.4223	
001.905	45.6689	54.3311	
001.975	45.4146	54.5854	
002.038	45.1265	54.8735	
002.098	45.1507	54.8493	
002.157	45.1671	54.8329	
002.222	44.8450	55.1550	
002.290	44.3798	55.6202	
002.346	43.9988	56.0012	
002.410	43.3707	56.6293	
002.475	42.6839	57.3161	
002.538	42.0558	57.9442	
002.600	41.6265	58.3735	
002.659	41.3125	58.6875	
002.722	41.1693	58.8307	
002.790	41.1994	58.8006	
002.846	41.3907	58.6093	
002.911	41.9948	58.0052	
002.975	43.0161	56.9839	
003.039	44.0748	55.9252	
003.098	44.9270	55.0730	
003.158	45.7918	54.2082	
003.223	46.7681	53.2319	
003.290	47.7689	52.2311	
003.347	48.3374	51.6626	
003.410	48.9880	51.0120	
003.474	49.8965	50.1035	
003.538	51.0646	48.9354	
003.598	52.0955	47.9045	
003.658	52.8052	47.1948	
003.722	53.3125	46.6875	
003.790	53.6492	46.3508	
003.846	53.7626	46.2374	
003.910	53.3751	46.6249	
003.974	52.6241	47.3760	
004.038	51.9557	48.0443	
004.099	51.1430	48.8570	
004.158	50.3458	49.6542	
004.222	49.6413	50.3587	
004.290	48.9939	51.0061	
004.346	49.0924	50.9076	
004.410	49.0387	50.9613	
004.474	48.4365	51.5635	
004.539	47.8851	52.1149	
004.599	47.3455	52.6545	
004.658	46.9069	53.0931	
004.722	46.6078	53.3922	
004.783	46.0956	53.9044	
004.844	45.3462	54.6538	
004.903	44.7206	55.2794	
004.974	44.2595	55.7405	
005.038	43.9874	56.0126	
005.098	43.6903	56.3097	
005.159	43.5198	56.4802	
005.222	43.3873	56.6127	
005.291	43.1227	56.8774	
005.345	42.2798	57.7202	
005.410	41.3428	58.6572	
005.476	40.4483	59.5517	
005.538	39.4678	60.5322	
005.598	38.5211	61.4789	
005.653	37.7403	62.2597	
005.714	36.9677	63.0323	
005.783	36.1683	63.8317	
005.839	35.4907	64.5093	
005.909	34.9154	65.0846	
005.968	34.4252	65.5748	
006.037	33.9443	66.0557	
006.098	33.5885	66.4115	
006.157	33.5987	66.4013	
006.221	33.9393	66.0607	
006.290	34.8101	65.1899	
006.347	35.9730	64.0270	
006.410	37.1407	62.8593	
006.475	38.3714	61.6286	
006.538	39.4584	60.5416	
006.598	39.7386	60.2614	
006.658	39.3869	60.6131	
006.721	38.9107	61.0893	
006.789	38.5816	61.4184	
006.845	38.3245	61.6755	
006.910	38.0054	61.9946	
006.975	37.6818	62.3182	
007.038	37.4569	62.5431	
7702	 7702	 7702 
7691	 7691	 7691 
000.000	50.0000	50.0000	
000.020	50.0000	50.0000	
000.023	50.0000	50.0000	
000.070	53.6368	46.3632	
000.133	55.4416	44.5584	
000.202	57.0373	42.9627	
000.266	58.5454	41.4546	
000.316	59.9786	40.0214	
000.379	61.1897	38.8103	
000.449	62.3466	37.6534	
000.514	63.3584	36.6416	
000.574	64.1389	35.8611	
000.634	64.7723	35.2277	
000.703	65.1894	34.8106	
000.766	65.4670	34.5330	
000.822	65.7546	34.2454	
000.887	66.0746	33.9254	
000.951	66.2214	33.7786	
001.016	66.4534	33.5466	
001.075	66.7224	33.2776	
001.135	66.6345	33.3655	
001.197	66.4821	33.5179	
001.266	66.1034	33.8966	
001.322	65.4001	34.5999	
001.386	64.9441	35.0559	
001.451	64.3222	35.6778	
001.514	64.2233	35.7767	
001.574	64.6960	35.3040	
001.634	65.1799	34.8201	
001.702	65.5739	34.4261	
001.765	65.7195	34.2805	
001.822	65.9096	34.0904	
001.886	66.2752	33.7248	
001.950	66.6561	33.3439	
002.015	67.1549	32.8451	
002.074	67.6101	32.3899	
002.135	68.1103	31.8897	
002.203	68.6315	31.3685	
002.266	69.0738	30.9262	
002.323	69.1956	30.8044	
002.386	68.9972	31.0028	
002.451	68.7939	31.2061	
002.513	68.3003	31.6997	
002.574	67.2583	32.7417	
002.634	66.3977	33.6023	
002.703	65.6119	34.3881	
002.765	65.1542	34.8458	
002.822	64.6606	35.3394	
002.886	64.2375	35.7625	
002.951	64.2666	35.7334	
003.014	64.1159	35.8841	
003.074	64.0056	35.9944	
003.134	64.0741	35.9259	
003.201	63.8740	36.1260	
003.265	63.6422	36.3578	
003.322	63.7384	36.2616	
003.386	64.0703	35.9296	
003.451	64.4819	35.5181	
003.514	64.9871	35.0129	
003.575	65.6756	34.3244	
003.634	66.4229	33.5771	
003.703	67.2996	32.7004	
003.766	68.2595	31.7405	
003.824	69.1179	30.8821	
003.887	69.9003	30.0997	
003.951	70.5216	29.4784	
004.015	71.1276	28.8724	
004.075	71.6729	28.3271	
004.135	72.1063	27.8937	
004.205	72.6368	27.3632	
004.267	73.1538	26.8462	
004.323	73.5325	26.4675	
004.386	73.8235	26.1765	
004.450	74.1006	25.8994	
004.515	74.4676	25.5324	
004.575	74.7796	25.2204	
004.635	75.1511	24.8489	
004.702	75.5065	24.4935	
004.767	75.9389	24.0611	
004.822	76.4145	23.5855	
004.887	76.8188	23.1812	
004.950	77.0767	22.9233	
005.014	77.2478	22.7522	
005.074	77.4556	22.5445	
005.134	77.5841	22.4159	
005.202	77.3888	22.6112	
005.266	77.1855	22.8145	
005.322	76.6404	23.3596	
005.386	75.8237	24.1763	
005.452	74.8352	25.1648	
005.514	73.8456	26.1544	
005.574	73.1439	26.8561	
005.634	72.2997	27.7003	
005.703	71.5667	28.4333	
005.766	70.6682	29.3318	
005.822	69.7615	30.2385	
005.887	68.9418	31.0582	
005.952	68.2631	31.7369	
006.014	67.7148	32.2852	
006.075	67.0517	32.9483	
006.134	66.7673	33.2327	
006.201	66.8437	33.1563	
006.265	66.9985	33.0015	
006.322	67.1698	32.8302	
006.386	67.5451	32.4549	
006.450	67.9587	32.0413	
006.514	68.2272	31.7728	
006.575	68.3309	31.6691	
006.634	68.1406	31.8594	
006.702	67.8208	32.1792	
006.766	67.6913	32.3087	
006.822	67.6805	32.3195	
006.886	67.7636	32.2364	
006.950	67.8491	32.1509	
007.014	67.8355	32.1645	
7692	 7692	 7692 
7701	 7701	 7701 
000.001	50.0000	50.0000	
000.049	50.0000	50.0000	
000.052	48.2469	51.7531	
000.114	46.5801	53.4199	
000.178	44.8326	55.1674	
000.242	43.1584	56.8416	
000.298	41.7368	58.2632	
000.362	40.6760	59.3240	
000.426	39.7958	60.2042	
000.490	38.9089	61.0911	
000.550	38.1671	61.8329	
000.614	37.6910	62.3090	
000.678	37.1925	62.8075	
000.742	36.6757	63.3243	
000.799	36.0534	63.9466	
000.862	35.3579	64.6421	
000.926	34.6043	65.3957	
000.990	33.9300	66.0700	
001.050	33.2892	66.7108	
001.114	32.6991	67.3009	
001.178	32.2406	67.7594	
001.242	31.8976	68.1024	
001.298	31.4214	68.5786	
001.362	30.6922	69.3078	
001.426	29.9147	70.0853	
001.490	29.2186	70.7814	
001.550	28.5366	71.4634	
001.614	27.9063	72.0937	
001.678	27.3095	72.6905	
001.742	26.8290	73.1710	
001.798	26.3935	73.6065	
001.862	25.9829	74.0171	
001.926	25.6281	74.3719	
001.990	25.2845	74.7155	
002.050	25.0013	74.9987	
002.121	24.5765	75.4235	
002.186	24.0677	75.9323	
002.249	23.5824	76.4176	
002.305	23.1195	76.8805	
002.369	22.7015	77.2985	
002.433	22.2683	77.7317	
002.498	21.7936	78.2064	
002.557	21.3043	78.6957	
002.621	20.8333	79.1667	
002.685	20.3448	79.6552	
002.749	19.7735	80.2265	
002.804	19.1556	80.8444	
002.869	18.5595	81.4405	
002.934	17.9745	82.0255	
7703	 7703	 7703 
7701	 7701	 7701 
000.002	50.0000	50.0000	
000.053	50.0000	50.0000	
000.059	50.4224	49.5776	
000.117	50.6874	49.3126	
000.185	50.6283	49.3717	
000.244	50.0568	49.9432	
000.306	49.7905	50.2095	
000.369	49.7747	50.2253	
000.433	49.6410	50.3590	
000.491	49.5179	50.4821	
000.556	49.6429	50.3571	
000.620	49.6870	50.3130	
000.686	49.6368	50.3632	
000.738	49.4287	50.5713	
000.802	48.9916	51.0084	
000.868	48.4920	51.5080	
000.925	48.2110	51.7890	
000.989	48.0033	51.9967	
001.056	47.6715	52.3285	
001.122	47.5675	52.4325	
001.185	47.6845	52.3155	
001.245	48.1352	51.8648	
001.304	48.4567	51.5433	
001.362	48.9365	51.0635	
001.425	49.5122	50.4878	
001.486	49.8340	50.1660	
001.549	49.8148	50.1852	
001.613	49.7060	50.2940	
001.684	49.6467	50.3533	
001.744	49.5038	50.4962	
001.805	49.3443	50.6557	
001.868	49.1495	50.8505	
001.932	48.7794	51.2206	
001.986	48.2838	51.7163	
002.056	47.6716	52.3284	
002.121	46.8285	53.1715	
002.185	45.8984	54.1016	
002.245	44.7733	55.2267	
002.305	43.6527	56.3473	
002.369	42.7101	57.2899	
002.433	42.4022	57.5978	
002.495	42.2806	57.7194	
002.558	42.4892	57.5108	
002.621	43.2797	56.7203	
002.686	44.2589	55.7411	
002.745	45.0868	54.9132	
002.806	45.8133	54.1867	
002.869	46.4703	53.5297	
002.933	46.9260	53.0740	
002.993	47.0567	52.9433	
003.057	47.0801	52.9199	
003.122	47.0863	52.9137	
003.178	47.0273	52.9727	
003.244	46.8091	53.1909	
003.306	46.3946	53.6054	
003.369	45.4723	54.5277	
003.433	44.2495	55.7505	
003.493	43.0462	56.9538	
003.556	41.7846	58.2154	
003.622	40.2554	59.7446	
003.686	38.8675	61.1325	
003.747	37.6919	62.3081	
003.805	36.5386	63.4614	
003.869	35.4889	64.5111	
003.935	34.6784	65.3216	
003.994	33.9473	66.0527	
004.058	33.3679	66.6321	
004.120	32.7325	67.2675	
004.186	32.2349	67.7651	
004.245	31.9971	68.0029	
004.304	31.7476	68.2524	
004.368	31.8287	68.1713	
004.434	32.1131	67.8869	
004.493	32.4635	67.5365	
004.559	32.6038	67.3962	
004.621	32.6779	67.3221	
004.685	32.4203	67.5797	
004.745	31.8580	68.1420	
004.805	31.3960	68.6040	
004.869	30.9488	69.0512	
004.925	30.3847	69.6153	
004.985	30.0126	69.9874	
005.049	29.5089	70.4911	
005.113	29.2350	70.7650	
005.177	28.9932	71.0068	
005.237	28.5353	71.4647	
005.297	28.1634	71.8366	
005.362	27.7880	72.2120	
005.426	27.2879	72.7121	
005.486	26.8262	73.1738	
005.549	26.3356	73.6644	
005.620	25.9366	74.0634	
005.684	25.7447	74.2553	
005.744	25.7204	74.2796	
005.805	25.7697	74.2303	
005.868	25.9120	74.0880	
005.932	26.0010	73.9990	
005.993	25.9670	74.0330	
006.058	25.9532	74.0469	
006.113	25.8172	74.1828	
006.177	25.6720	74.3280	
006.237	25.6902	74.3098	
006.297	25.9295	74.0705	
006.368	26.3792	73.6208	
006.433	27.2315	72.7685	
006.494	27.7587	72.2413	
006.549	28.1991	71.8009	
006.614	28.5665	71.4335	
006.684	29.0053	70.9947	
006.745	29.7145	70.2855	
006.805	30.1538	69.8462	
006.869	30.5905	69.4095	
006.932	31.0415	68.9585	
006.993	31.8020	68.1980	
007.058	32.9115	67.0885	
7702	 7702	 7702 
7691	 7691	 7691 
000.000	50.0000	50.0000	
000.049	50.0000	50.0000	
000.052	52.1817	47.8183	
000.115	54.2568	45.7432	
000.185	56.2000	43.8000	
000.251	58.1421	41.8579	
000.310	59.9854	40.0146	
000.372	61.7452	38.2548	
000.434	63.4525	36.5475	
000.501	65.0302	34.9698	
000.558	66.5593	33.4407	
000.622	67.9935	32.0065	
000.686	69.3353	30.6647	
000.750	70.5962	29.4038	
000.810	71.8086	28.1914	
000.871	72.9946	27.0054	
000.934	74.1686	25.8314	
001.002	75.3445	24.6555	
001.058	76.4702	23.5298	
001.122	77.5034	22.4966	
001.186	78.4556	21.5444	
001.250	79.3442	20.6558	
001.309	80.1892	19.8108	
001.369	80.9111	19.0889	
001.435	81.5086	18.4914	
001.501	82.1013	17.8987	
7693	 7693	 7693 
7701	 7701	 7701 
000.000	50.0000	50.0000	
000.035	50.0000	50.0000	
000.037	51.9410	48.0590	
000.106	53.8489	46.1511	
000.164	55.6853	44.3147	
000.223	57.4265	42.5735	
000.283	59.0082	40.9918	
000.347	60.2130	39.7870	
000.422	61.1356	38.8644	
000.479	62.0906	37.9094	
000.543	62.8760	37.1240	
000.607	63.2184	36.7816	
000.671	63.0590	36.9410	
000.731	62.5342	37.4658	
000.791	61.9701	38.0299	
000.855	61.3726	38.6274	
000.923	60.6244	39.3756	
000.979	59.6937	40.3063	
001.043	58.5990	41.4010	
001.108	57.3846	42.6154	
001.173	55.9746	44.0254	
001.224	54.2043	45.7957	
001.291	52.6391	47.3609	
001.356	51.3534	48.6466	
001.423	50.2686	49.7314	
001.478	49.3132	50.6868	
001.543	48.5362	51.4638	
001.608	48.1768	51.8232	
001.672	48.3403	51.6597	
001.731	48.6317	51.3683	
001.791	49.1729	50.8271	
001.855	49.5775	50.4225	
001.924	50.1441	49.8559	
001.979	50.8462	49.1538	
002.042	51.5988	48.4012	
002.107	52.3574	47.6426	
002.163	52.8944	47.1056	
002.224	53.4098	46.5902	
002.290	54.0388	45.9612	
002.358	54.4048	45.5952	
002.415	54.8133	45.1867	
002.471	55.2118	44.7882	
002.535	55.4726	44.5274	
002.599	55.4435	44.5565	
002.664	55.2346	44.7654	
002.724	55.1832	44.8168	
002.784	55.0766	44.9234	
002.851	55.0751	44.9249	
002.915	55.0856	44.9144	
002.971	54.7447	45.2553	
003.035	54.3499	45.6501	
003.099	53.9094	46.0906	
003.170	53.4754	46.5246	
003.230	53.0020	46.9980	
003.292	52.3810	47.6190	
003.359	51.4682	48.5318	
003.423	50.4346	49.5654	
003.479	49.7746	50.2254	
003.543	49.1432	50.8568	
003.607	49.0031	50.9969	
003.670	49.5744	50.4256	
003.730	50.2646	49.7354	
003.791	51.3281	48.6719	
003.859	52.5923	47.4077	
003.922	53.7405	46.2595	
003.980	54.8684	45.1316	
004.046	55.7650	44.2350	
004.106	56.3710	43.6290	
004.171	56.9250	43.0750	
004.230	57.4462	42.5538	
004.290	57.9666	42.0334	
004.358	58.7075	41.2925	
004.422	59.4917	40.5083	
004.478	60.2266	39.7734	
004.542	61.1580	38.8420	
004.607	62.1105	37.8895	
004.670	62.9055	37.0945	
004.730	63.7885	36.2115	
004.791	64.5171	35.4829	
004.858	65.1379	34.8621	
004.922	65.8894	34.1106	
004.979	66.7465	33.2535	
005.042	67.6832	32.3168	
005.107	68.7673	31.2327	
005.171	69.9053	30.0947	
005.231	70.9480	29.0520	
005.290	71.8273	28.1727	
005.359	72.3861	27.6140	
005.423	72.8060	27.1940	
005.480	72.8829	27.1171	
005.544	72.5192	27.4808	
005.607	71.5022	28.4978	
005.671	69.4244	30.5756	
005.731	66.9719	33.0281	
005.791	64.3422	35.6578	
005.859	61.7463	38.2537	
005.923	59.1738	40.8262	
005.978	56.6593	43.3407	
006.043	54.2151	45.7849	
006.107	51.8392	48.1608	
006.172	49.5691	50.4309	
006.231	47.4399	52.5601	
006.290	45.4961	54.5039	
006.359	43.6596	56.3404	
006.423	41.7773	58.2227	
006.478	40.0696	59.9304	
006.543	38.5591	61.4409	
006.607	37.2495	62.7505	
006.671	36.2075	63.7925	
006.733	35.3398	64.6602	
006.790	34.7265	65.2735	
006.860	34.4053	65.5946	
006.922	34.2699	65.7301	
006.978	34.4071	65.5929	
007.042	34.4569	65.5431	
7702	 7702	 7702 
7691	 7691	 7691 
000.002	50.0000	50.0000	
000.059	50.0000	50.0000	
000.066	50.7204	49.2796	
000.128	51.1606	48.8394	
000.191	51.4254	48.5746	
000.252	51.4821	48.5179	
000.311	51.6179	48.3821	
000.378	51.8217	48.1783	
000.443	51.9903	48.0097	
000.492	52.0416	47.9584	
000.556	52.0804	47.9196	
000.619	51.9806	48.0194	
000.690	51.9276	48.0724	
000.751	51.8845	48.1155	
000.814	51.9963	48.0037	
000.878	52.7043	47.2958	
000.943	53.2881	46.7119	
000.998	54.2983	45.7017	
001.062	55.1843	44.8157	
001.127	56.1972	43.8028	
001.191	57.2600	42.7400	
001.250	58.2571	41.7429	
001.315	59.2223	40.7777	
001.380	60.2625	39.7375	
001.443	61.3847	38.6153	
001.498	62.5270	37.4730	
001.563	63.5562	36.4438	
001.627	64.5165	35.4835	
001.692	65.5206	34.4794	
001.751	66.4559	33.5441	
001.815	67.4540	32.5460	
001.879	68.2966	31.7034	
001.943	69.2120	30.7880	
002.000	70.0437	29.9563	
002.062	70.9374	29.0626	
002.127	71.8514	28.1486	
002.190	72.7034	27.2966	
002.251	73.5731	26.4269	
002.311	74.4381	25.5619	
002.380	75.2710	24.7290	
002.443	76.0635	23.9365	
002.499	76.7998	23.2002	
002.562	77.5387	22.4613	
002.628	78.3190	21.6810	
002.691	79.0729	20.9271	
002.751	79.8177	20.1823	
002.816	80.4834	19.5166	
002.880	81.0577	18.9423	
002.943	81.5787	18.4213	
002.998	82.1814	17.8186	
7693	 7693	 7693 
